0 0.44453125000000004 0.8260416666666667 0.0859375 0.13125
0 0.7992187500000001 0.5947916666666666 0.051562500000000004 0.06041666666666667
1 0.340625 0.7114583333333333 0.06875 0.09375
1 0.40625 0.615625 0.05 0.06458333333333333
2 0.40390625 0.74375 0.0734375 0.10833333333333334
3 0.5671875000000001 0.7125 0.065625 0.09583333333333333
3 0.65 0.6479166666666667 0.05 0.075
2 0.3796875 0.6458333333333334 0.0625 0.075
0 0.5546875 0.6552083333333333 0.05625 0.08125
0 0.61640625 0.6958333333333333 0.045312500000000006 0.09166666666666666
2 0.5476562500000001 0.6770833333333334 0.0578125 0.07916666666666666
