0 0.37812500000000004 0.5427083333333333 0.09062500000000001 0.12291666666666666
2 0.47265625 0.3625 0.0578125 0.075
3 0.7484375000000001 0.40520833333333334 0.06875 0.08958333333333333
1 0.5296875 0.33229166666666665 0.05 0.06875
3 0.58984375 0.4635416666666667 0.0734375 0.10208333333333333
0 0.65390625 0.44687499999999997 0.0703125 0.10208333333333333
1 0.38984375000000004 0.4125 0.06406250000000001 0.07916666666666666
0 0.6414062500000001 0.39479166666666665 0.0578125 0.08541666666666667
2 0.40859375000000003 0.45729166666666665 0.07968750000000001 0.10208333333333333
2 0.6023437500000001 0.4125 0.06406250000000001 0.075
0 0.9867187500000001 0.365625 0.0234375 0.08125
