2 0.384375 0.7302083333333333 0.06875 0.09375
3 0.41718750000000004 0.9125 0.10312500000000001 0.14583333333333334
0 0.54453125 0.8072916666666666 0.07968750000000001 0.11041666666666666
1 0.47421875 0.696875 0.0578125 0.08125
3 0.6726562500000001 0.85 0.08281250000000001 0.11666666666666667
0 0.51171875 0.903125 0.0921875 0.13958333333333334
1 0.23984375000000002 0.79375 0.0859375 0.10833333333333334
2 0.2109375 0.865625 0.10312500000000001 0.13541666666666666
2 0.47578125000000004 0.8385416666666666 0.0859375 0.10625
0 0.06484375 0.9552083333333333 0.1296875 0.07708333333333334
