0 0.09921875000000001 0.5229166666666667 0.0578125 0.07083333333333333
0 0.3796875 0.503125 0.046875 0.06458333333333333
0 0.67890625 0.49583333333333335 0.045312500000000006 0.0625
2 0.17265625 0.4552083333333333 0.0421875 0.052083333333333336
1 0.5859375 0.5041666666666667 0.046875 0.0625
1 0.6265625 0.5177083333333333 0.046875 0.06458333333333333
3 0.45937500000000003 0.44166666666666665 0.034375 0.05
3 0.553125 0.453125 0.037500000000000006 0.052083333333333336
0 0.25078125 0.47291666666666665 0.0484375 0.0625
2 0.26796875000000003 0.4864583333333333 0.045312500000000006 0.06041666666666667
