0 0.109375 0.671875 0.078125 0.09375
0 0.7585937500000001 0.59375 0.0546875 0.07083333333333333
3 0.503125 0.6041666666666666 0.053125000000000006 0.07083333333333333
3 0.32656250000000003 0.6322916666666667 0.059375000000000004 0.08541666666666667
2 0.19921875 0.6166666666666667 0.0734375 0.08333333333333333
2 0.31640625 0.5583333333333333 0.051562500000000004 0.07083333333333333
0 0.3875 0.625 0.0625 0.08333333333333333
1 0.21328125 0.5885416666666666 0.0578125 0.06875
1 0.38671875 0.5416666666666666 0.045312500000000006 0.0625
0 0.42265625 0.5875 0.051562500000000004 0.07083333333333333
2 0.3671875 0.59375 0.05 0.06666666666666667
