2 0.37421875000000004 0.6208333333333333 0.0546875 0.07083333333333333
0 0.87890625 0.7854166666666667 0.0703125 0.09166666666666666
3 0.5640625 0.73125 0.0625 0.0875
0 0.10546875 0.7302083333333333 0.0890625 0.11041666666666666
2 0.22421875000000002 0.675 0.0765625 0.09166666666666666
3 0.35703125 0.728125 0.0703125 0.09791666666666667
0 0.42578125 0.7364583333333333 0.0703125 0.09375
1 0.4546875 0.6125 0.046875 0.0625
0 0.48046875 0.6864583333333333 0.0546875 0.08125
1 0.2546875 0.6416666666666666 0.0625 0.07916666666666666
2 0.4140625 0.6916666666666667 0.05625 0.07083333333333333
