0 0.3328125 0.64375 0.040625 0.05416666666666667
0 0.74140625 0.7416666666666667 0.0578125 0.07916666666666666
3 0.6429687500000001 0.69375 0.0484375 0.0625
3 0.45703125 0.65625 0.0390625 0.05416666666666667
2 0.52109375 0.665625 0.0390625 0.04791666666666666
0 0.7093750000000001 0.6989583333333333 0.046875 0.06458333333333333
0 0.5578125 0.646875 0.037500000000000006 0.052083333333333336
1 0.6546875000000001 0.671875 0.046875 0.06041666666666667
1 0.6742187500000001 0.6822916666666666 0.0390625 0.06875
2 0.6195312500000001 0.9427083333333334 0.09531250000000001 0.10625
