0 0.37734375000000003 0.5427083333333333 0.0890625 0.12291666666666666
2 0.47265625 0.3614583333333333 0.0578125 0.07708333333333334
3 0.74921875 0.4041666666666667 0.0671875 0.0875
1 0.5296875 0.33229166666666665 0.05 0.06875
3 0.58984375 0.4635416666666667 0.0734375 0.10208333333333333
0 0.65390625 0.4479166666666667 0.0703125 0.10416666666666667
1 0.38984375000000004 0.4114583333333333 0.06406250000000001 0.07708333333333334
0 0.6414062500000001 0.39479166666666665 0.0578125 0.08541666666666667
2 0.40859375000000003 0.45625 0.07968750000000001 0.1
2 0.6023437500000001 0.4125 0.06406250000000001 0.075
0 0.9867187500000001 0.365625 0.0234375 0.08125
