3 0.52265625 0.7635416666666667 0.0859375 0.12291666666666666
3 0.7515625 0.7364583333333333 0.078125 0.10625
0 0.2328125 0.80625 0.10312500000000001 0.1375
1 0.5671875000000001 0.5989583333333334 0.053125000000000006 0.07291666666666667
2 0.48750000000000004 0.6208333333333333 0.059375000000000004 0.07916666666666666
0 0.6015625 0.7625 0.084375 0.12083333333333333
2 0.34687500000000004 0.7114583333333333 0.084375 0.10625
1 0.36484375 0.6583333333333333 0.0703125 0.08333333333333333
0 0.634375 0.690625 0.06875 0.09375
2 0.5703125 0.709375 0.06875 0.08541666666666667
