0 0.10312500000000001 0.7770833333333333 0.096875 0.12083333333333333
3 0.35625 0.721875 0.07187500000000001 0.10208333333333333
0 0.8046875 0.6791666666666667 0.059375000000000004 0.07916666666666666
2 0.31093750000000003 0.6208333333333333 0.05625 0.07083333333333333
3 0.54140625 0.6875 0.060937500000000006 0.08333333333333333
2 0.1921875 0.7010416666666667 0.078125 0.09375
0 0.42578125 0.7114583333333333 0.0703125 0.10625
1 0.38046875 0.6 0.0484375 0.06666666666666667
1 0.19921875 0.6583333333333333 0.0703125 0.07916666666666666
0 0.44609375 0.6635416666666667 0.0578125 0.07708333333333334
2 0.3921875 0.6760416666666667 0.05625 0.06458333333333333
