0 0.1 0.64375 0.109375 0.13333333333333333
3 0.37421875000000004 0.5479166666666666 0.08281250000000001 0.10833333333333334
3 0.56015625 0.4864583333333333 0.06406250000000001 0.08958333333333333
2 0.29453125 0.4375 0.060937500000000006 0.07916666666666666
1 0.3671875 0.40625 0.053125000000000006 0.075
2 0.18125000000000002 0.5395833333333333 0.08750000000000001 0.10416666666666667
0 0.8265625000000001 0.4458333333333333 0.0625 0.07916666666666666
0 0.44453125000000004 0.5270833333333333 0.0703125 0.10833333333333334
1 0.1796875 0.49166666666666664 0.078125 0.08333333333333333
0 0.4546875 0.4739583333333333 0.059375000000000004 0.08958333333333333
2 0.40703125 0.4947916666666667 0.0671875 0.07708333333333334
