0 0.09921875000000001 0.5229166666666667 0.0578125 0.07083333333333333
0 0.3796875 0.503125 0.046875 0.06458333333333333
0 0.67890625 0.49583333333333335 0.045312500000000006 0.0625
2 0.17265625 0.453125 0.0421875 0.052083333333333336
1 0.5867187500000001 0.5041666666666667 0.0484375 0.0625
3 0.46015625000000004 0.44166666666666665 0.035937500000000004 0.05
1 0.6265625 0.5177083333333333 0.046875 0.06458333333333333
0 0.24921875000000002 0.471875 0.0484375 0.06041666666666667
3 0.55390625 0.453125 0.035937500000000004 0.052083333333333336
2 0.26796875000000003 0.4875 0.045312500000000006 0.058333333333333334
