2 0.384375 0.7291666666666666 0.065625 0.09166666666666666
3 0.41718750000000004 0.9135416666666667 0.1 0.14791666666666667
1 0.47421875 0.6958333333333333 0.0578125 0.07916666666666666
3 0.6726562500000001 0.8510416666666667 0.08281250000000001 0.11875
0 0.5453125 0.8052083333333333 0.07500000000000001 0.10625
0 0.51015625 0.9041666666666667 0.09531250000000001 0.14166666666666666
2 0.21171875 0.8604166666666666 0.1015625 0.12916666666666665
1 0.240625 0.7927083333333333 0.084375 0.10625
2 0.47421875 0.8364583333333333 0.08281250000000001 0.10625
0 0.06640625 0.9541666666666666 0.1265625 0.07916666666666666
