0 0.7312500000000001 0.6979166666666666 0.06875 0.1
0 0.35468750000000004 0.6979166666666666 0.06875 0.09583333333333333
3 0.81015625 0.759375 0.08281250000000001 0.11875
1 0.7742187500000001 0.6208333333333333 0.0578125 0.075
2 0.48281250000000003 0.6614583333333334 0.0625 0.08541666666666667
3 0.55703125 0.7197916666666666 0.06406250000000001 0.11041666666666666
2 0.67109375 0.6239583333333333 0.0578125 0.07708333333333334
0 0.6257812500000001 0.7385416666666667 0.07968750000000001 0.11041666666666666
1 0.53515625 0.6375 0.0546875 0.075
2 0.64375 0.7 0.06875 0.0875
