2 0.40703125 0.278125 0.045312500000000006 0.06458333333333333
0 0.8453125 0.29791666666666666 0.059375000000000004 0.075
0 0.259375 0.3833333333333333 0.065625 0.0875
3 0.446875 0.34270833333333334 0.05625 0.08125
3 0.6015625 0.31666666666666665 0.05 0.07083333333333333
2 0.31796875 0.33229166666666665 0.0578125 0.07291666666666667
0 0.525 0.3052083333333333 0.046875 0.07291666666666667
1 0.31796875 0.30833333333333335 0.051562500000000004 0.0625
0 0.5007812500000001 0.3375 0.0546875 0.075
1 0.46718750000000003 0.26875 0.043750000000000004 0.075
2 0.4734375 0.309375 0.043750000000000004 0.05625
