0 0.1 0.6427083333333333 0.109375 0.13125
3 0.56015625 0.48541666666666666 0.0671875 0.09166666666666666
3 0.37421875000000004 0.5479166666666666 0.08281250000000001 0.10833333333333334
1 0.3671875 0.40625 0.053125000000000006 0.075
2 0.29453125 0.43854166666666666 0.060937500000000006 0.08125
0 0.8265625000000001 0.4458333333333333 0.0625 0.07916666666666666
2 0.18125000000000002 0.540625 0.08750000000000001 0.10625
1 0.1796875 0.4927083333333333 0.078125 0.08541666666666667
0 0.4453125 0.5270833333333333 0.07187500000000001 0.1125
0 0.45390625 0.475 0.060937500000000006 0.09166666666666666
2 0.40703125 0.4947916666666667 0.0671875 0.07708333333333334
