3 0.56484375 0.73125 0.06406250000000001 0.0875
0 0.10546875 0.73125 0.0890625 0.1125
0 0.87890625 0.7854166666666667 0.0703125 0.09166666666666666
2 0.37421875000000004 0.6208333333333333 0.0546875 0.07083333333333333
3 0.35625 0.728125 0.06875 0.09791666666666667
2 0.225 0.675 0.07500000000000001 0.09166666666666666
0 0.42578125 0.7364583333333333 0.0671875 0.09791666666666667
0 0.48046875 0.6864583333333333 0.0546875 0.08125
1 0.45546875000000003 0.6135416666666667 0.0484375 0.06458333333333333
1 0.2546875 0.6416666666666666 0.0625 0.07916666666666666
2 0.41640625000000003 0.6927083333333334 0.0578125 0.07291666666666667
