3 0.35625 0.728125 0.07187500000000001 0.10208333333333333
3 0.5640625 0.73125 0.065625 0.09166666666666666
0 0.10625000000000001 0.7302083333333333 0.08750000000000001 0.11458333333333333
0 0.87890625 0.784375 0.0703125 0.09375
0 0.47890625000000003 0.6864583333333333 0.0578125 0.08541666666666667
0 0.42500000000000004 0.7364583333333333 0.0625 0.09791666666666667
2 0.2265625 0.675 0.08125 0.09166666666666666
2 0.4546875 0.6114583333333333 0.046875 0.06458333333333333
2 0.2546875 0.640625 0.0625 0.08125
2 0.375 0.6229166666666667 0.053125000000000006 0.07083333333333333
1 0.25546875 0.6375 0.060937500000000006 0.075
