0 0.3453125 0.5822916666666667 0.09375 0.12708333333333333
3 0.68671875 0.41562499999999997 0.06406250000000001 0.08541666666666667
2 0.40546875000000004 0.3885416666666667 0.060937500000000006 0.08125
0 0.91328125 0.36666666666666664 0.06406250000000001 0.07916666666666666
1 0.4578125 0.3541666666666667 0.05 0.07083333333333333
0 0.6062500000000001 0.4635416666666667 0.065625 0.10208333333333333
3 0.5437500000000001 0.48333333333333334 0.07187500000000001 0.10416666666666667
0 0.5828125000000001 0.41041666666666665 0.05625 0.0875
1 0.33046875000000003 0.4510416666666667 0.0734375 0.09791666666666667
2 0.5476562500000001 0.434375 0.06406250000000001 0.07708333333333334
2 0.35703125 0.496875 0.0890625 0.12708333333333333
