1 0.775 0.6197916666666666 0.05625 0.07291666666666667
0 0.353125 0.6979166666666666 0.06875 0.09583333333333333
0 0.73203125 0.6979166666666666 0.0703125 0.1
3 0.81171875 0.7583333333333333 0.08281250000000001 0.11666666666666667
2 0.48281250000000003 0.6614583333333334 0.0625 0.08541666666666667
3 0.5554687500000001 0.7208333333333333 0.060937500000000006 0.10833333333333334
2 0.671875 0.625 0.05625 0.07916666666666666
0 0.62421875 0.7375 0.08281250000000001 0.1125
1 0.5359375000000001 0.6364583333333333 0.05625 0.07708333333333334
2 0.64609375 0.7 0.0734375 0.0875
