0 0.37812500000000004 0.54375 0.09062500000000001 0.12083333333333333
2 0.47265625 0.36354166666666665 0.0578125 0.07708333333333334
1 0.5296875 0.33229166666666665 0.05 0.06875
3 0.5890625 0.4635416666666667 0.07500000000000001 0.10208333333333333
3 0.74921875 0.4041666666666667 0.0671875 0.0875
0 0.65390625 0.44687499999999997 0.0703125 0.10208333333333333
1 0.38984375000000004 0.4125 0.06406250000000001 0.07916666666666666
0 0.6414062500000001 0.39375 0.0578125 0.08333333333333333
2 0.40859375000000003 0.45729166666666665 0.07968750000000001 0.10208333333333333
2 0.6023437500000001 0.4125 0.06406250000000001 0.075
0 0.9859375 0.365625 0.021875000000000002 0.08541666666666667
