0 0.44453125000000004 0.8260416666666667 0.0859375 0.13125
2 0.403125 0.74375 0.07500000000000001 0.10833333333333334
1 0.340625 0.7104166666666667 0.065625 0.09583333333333333
0 0.7992187500000001 0.5958333333333333 0.051562500000000004 0.0625
1 0.40703125 0.6145833333333334 0.051562500000000004 0.06666666666666667
3 0.65 0.6479166666666667 0.05 0.075
3 0.5671875000000001 0.7135416666666666 0.065625 0.09375
2 0.38046875 0.646875 0.060937500000000006 0.07708333333333334
0 0.5546875 0.6552083333333333 0.05625 0.08541666666666667
0 0.61640625 0.6958333333333333 0.045312500000000006 0.09166666666666666
2 0.5476562500000001 0.6770833333333334 0.0578125 0.07916666666666666
