3 0.25078125 0.625 0.0890625 0.11666666666666667
0 0.40390625 0.5458333333333333 0.0671875 0.09166666666666666
0 0.8601562500000001 0.578125 0.07968750000000001 0.10208333333333333
3 0.50234375 0.58125 0.0703125 0.1
1 0.13984375000000002 0.5364583333333334 0.0765625 0.09375
2 0.09531250000000001 0.5854166666666667 0.09062500000000001 0.10416666666666667
2 0.28984375 0.4864583333333333 0.060937500000000006 0.08125
0 0.33515625000000004 0.61875 0.08281250000000001 0.1125
1 0.38593750000000004 0.459375 0.053125000000000006 0.07291666666666667
2 0.32109375 0.5697916666666667 0.0671875 0.08125
