0 0.34453125 0.5822916666666667 0.09531250000000001 0.12708333333333333
3 0.68671875 0.41562499999999997 0.060937500000000006 0.08541666666666667
2 0.40625 0.38958333333333334 0.059375000000000004 0.07916666666666666
0 0.9125000000000001 0.36666666666666664 0.0625 0.07916666666666666
1 0.4578125 0.35520833333333335 0.05 0.06875
3 0.54453125 0.48333333333333334 0.0703125 0.10416666666666667
0 0.6062500000000001 0.4635416666666667 0.065625 0.10208333333333333
0 0.5828125000000001 0.4114583333333333 0.05625 0.08541666666666667
1 0.33125000000000004 0.4510416666666667 0.07500000000000001 0.09791666666666667
2 0.5476562500000001 0.434375 0.06406250000000001 0.07708333333333334
2 0.35703125 0.49583333333333335 0.0859375 0.12083333333333333
