0 0.33984375 0.671875 0.051562500000000004 0.07291666666666667
0 0.8851562500000001 0.6416666666666666 0.0546875 0.06666666666666667
3 0.6453125000000001 0.6395833333333333 0.046875 0.06666666666666667
3 0.49843750000000003 0.6541666666666667 0.046875 0.06666666666666667
2 0.40156250000000004 0.6364583333333333 0.053125000000000006 0.06875
2 0.49062500000000003 0.6 0.040625 0.05416666666666667
0 0.578125 0.625 0.043750000000000004 0.0625
0 0.54609375 0.646875 0.051562500000000004 0.07291666666666667
1 0.4078125 0.6208333333333333 0.046875 0.058333333333333334
1 0.5484375 0.5916666666666667 0.040625 0.05416666666666667
2 0.5328125 0.6270833333333333 0.040625 0.05416666666666667
