3 0.25078125 0.6239583333333333 0.0890625 0.11458333333333333
0 0.40468750000000003 0.5458333333333333 0.065625 0.09166666666666666
0 0.8601562500000001 0.5770833333333333 0.07968750000000001 0.1
0 0.33515625000000004 0.6177083333333333 0.08281250000000001 0.11041666666666666
3 0.5015625 0.58125 0.07187500000000001 0.1
1 0.1390625 0.5354166666666667 0.07500000000000001 0.09166666666666666
2 0.28984375 0.48541666666666666 0.060937500000000006 0.07916666666666666
1 0.38593750000000004 0.459375 0.053125000000000006 0.07291666666666667
2 0.096875 0.5854166666666667 0.09062500000000001 0.10416666666666667
2 0.3203125 0.56875 0.065625 0.075
