1 0.37734375000000003 0.7729166666666667 0.07968750000000001 0.1125
2 0.46953125 0.8010416666666667 0.0890625 0.12291666666666666
0 0.5796875 0.9072916666666666 0.10312500000000001 0.15625
0 0.78828125 0.5916666666666667 0.051562500000000004 0.0625
1 0.39375000000000004 0.640625 0.05625 0.06875
2 0.3828125 0.6916666666666667 0.06875 0.09583333333333333
2 0.5953125 0.7208333333333333 0.07500000000000001 0.1125
3 0.64765625 0.7458333333333333 0.0765625 0.1125
0 0.58046875 0.6770833333333334 0.060937500000000006 0.0875
3 0.6781250000000001 0.6614583333333334 0.05625 0.08958333333333333
0 0.66953125 0.7208333333333333 0.0703125 0.1
