1 0.32265625000000003 0.6854166666666667 0.06406250000000001 0.08333333333333333
0 0.8773437500000001 0.84375 0.0859375 0.1125
0 0.36796875 0.8020833333333334 0.07968750000000001 0.10833333333333334
2 0.21250000000000002 0.7197916666666666 0.078125 0.09791666666666667
3 0.49375 0.8468749999999999 0.084375 0.11875
0 0.29921875000000003 0.9072916666666666 0.1078125 0.14375
3 0.19062500000000002 0.9166666666666666 0.115625 0.15
1 0.03671875 0.790625 0.0765625 0.11458333333333333
2 0.27578125000000003 0.840625 0.0921875 0.11458333333333333
2 0.01640625 0.85625 0.035937500000000004 0.12916666666666665
