0 0.1 0.64375 0.109375 0.13333333333333333
3 0.37421875000000004 0.5479166666666666 0.08281250000000001 0.10833333333333334
2 0.29453125 0.43854166666666666 0.060937500000000006 0.08125
3 0.56015625 0.4864583333333333 0.06406250000000001 0.08958333333333333
1 0.3671875 0.40729166666666666 0.053125000000000006 0.07708333333333334
0 0.82578125 0.44687499999999997 0.060937500000000006 0.08125
2 0.18125000000000002 0.5416666666666666 0.08750000000000001 0.10416666666666667
0 0.44453125000000004 0.528125 0.0703125 0.11041666666666666
1 0.1796875 0.4927083333333333 0.078125 0.08541666666666667
0 0.45390625 0.4739583333333333 0.0578125 0.08958333333333333
2 0.4078125 0.4947916666666667 0.06875 0.07708333333333334
