0 0.7312500000000001 0.6979166666666666 0.06875 0.1
0 0.353125 0.6979166666666666 0.06875 0.09583333333333333
1 0.7742187500000001 0.6208333333333333 0.0578125 0.075
3 0.81015625 0.7583333333333333 0.08281250000000001 0.11666666666666667
2 0.48281250000000003 0.6614583333333334 0.0625 0.08541666666666667
2 0.671875 0.6260416666666666 0.05625 0.07708333333333334
3 0.5578125 0.7208333333333333 0.0625 0.10833333333333334
0 0.625 0.7385416666666667 0.08125 0.11458333333333333
1 0.5359375000000001 0.6364583333333333 0.05625 0.07708333333333334
2 0.64453125 0.7 0.0703125 0.0875
