0 0.1 0.5229166666666667 0.059375000000000004 0.07083333333333333
0 0.38125000000000003 0.503125 0.046875 0.06458333333333333
2 0.17421875 0.453125 0.0421875 0.052083333333333336
0 0.67890625 0.49583333333333335 0.045312500000000006 0.0625
3 0.46171875 0.440625 0.035937500000000004 0.052083333333333336
1 0.5875 0.5041666666666667 0.046875 0.0625
1 0.6265625 0.51875 0.046875 0.06666666666666667
0 0.2484375 0.471875 0.046875 0.06041666666666667
2 0.26953125 0.4895833333333333 0.045312500000000006 0.058333333333333334
3 0.5546875 0.453125 0.034375 0.052083333333333336
