2 0.52265625 0.8020833333333334 0.0859375 0.12916666666666665
0 0.62109375 0.9135416666666667 0.1078125 0.15625
0 0.875 0.6072916666666667 0.05625 0.06875
1 0.4375 0.7666666666666666 0.078125 0.1125
1 0.46328125000000003 0.6395833333333333 0.0578125 0.07083333333333333
2 0.45 0.6885416666666666 0.065625 0.09375
0 0.6484375 0.6885416666666666 0.065625 0.10208333333333333
0 0.73359375 0.7364583333333333 0.0703125 0.10208333333333333
3 0.70234375 0.7604166666666666 0.0765625 0.11666666666666667
2 0.66015625 0.7208333333333333 0.0703125 0.1
3 0.7507812500000001 0.6677083333333333 0.0578125 0.07291666666666667
