0 0.09921875000000001 0.5229166666666667 0.0578125 0.07083333333333333
0 0.38125000000000003 0.503125 0.046875 0.06458333333333333
0 0.67890625 0.49583333333333335 0.045312500000000006 0.0625
2 0.17343750000000002 0.453125 0.043750000000000004 0.052083333333333336
1 0.5859375 0.5041666666666667 0.046875 0.0625
1 0.6265625 0.51875 0.046875 0.06666666666666667
3 0.4609375 0.440625 0.037500000000000006 0.052083333333333336
0 0.2484375 0.471875 0.046875 0.06041666666666667
2 0.26953125 0.48854166666666665 0.045312500000000006 0.06041666666666667
3 0.55390625 0.453125 0.035937500000000004 0.052083333333333336
