0 0.6890625 0.546875 0.034375 0.04375
3 0.7421875 0.515625 0.028125 0.03958333333333333
0 0.51796875 0.5458333333333333 0.029687500000000002 0.041666666666666664
0 0.9234375 0.5541666666666667 0.040625 0.05
2 0.5421875 0.515625 0.025 0.035416666666666666
3 0.8203125 0.5260416666666666 0.028125 0.03958333333333333
1 0.8757812500000001 0.5645833333333333 0.0390625 0.05
1 0.8453125 0.55625 0.037500000000000006 0.05
0 0.59296875 0.525 0.029687500000000002 0.0375
2 0.6109375 0.534375 0.03125 0.03958333333333333
