0 0.64609375 0.584375 0.0390625 0.052083333333333336
0 0.4453125 0.571875 0.037500000000000006 0.052083333333333336
0 0.92109375 0.6135416666666667 0.0484375 0.06041666666666667
1 0.8265625000000001 0.6083333333333333 0.043750000000000004 0.058333333333333334
3 0.7171875000000001 0.5458333333333333 0.03125 0.04583333333333333
1 0.8640625000000001 0.625 0.046875 0.0625
2 0.4921875 0.53125 0.03125 0.041666666666666664
2 0.56015625 0.5645833333333333 0.035937500000000004 0.04583333333333333
3 0.80390625 0.5666666666666667 0.0328125 0.04583333333333333
0 0.5453125 0.55 0.037500000000000006 0.04583333333333333
