0 0.7585937500000001 0.5927083333333333 0.0546875 0.07291666666666667
0 0.109375 0.671875 0.07500000000000001 0.09375
3 0.503125 0.603125 0.053125000000000006 0.07291666666666667
3 0.32734375000000004 0.6322916666666667 0.060937500000000006 0.08541666666666667
2 0.2 0.615625 0.07187500000000001 0.08125
2 0.3171875 0.5583333333333333 0.05 0.06666666666666667
1 0.21328125 0.5885416666666666 0.0578125 0.06875
0 0.38828125 0.6239583333333333 0.060937500000000006 0.08541666666666667
0 0.42265625 0.5875 0.051562500000000004 0.07083333333333333
1 0.38671875 0.5427083333333333 0.045312500000000006 0.06458333333333333
2 0.36796875 0.59375 0.0484375 0.06666666666666667
