0 0.7312500000000001 0.6979166666666666 0.06875 0.1
0 0.35390625000000003 0.6979166666666666 0.0703125 0.09583333333333333
1 0.775 0.6208333333333333 0.05625 0.075
3 0.8109375000000001 0.7583333333333333 0.084375 0.11666666666666667
2 0.48281250000000003 0.6614583333333334 0.0625 0.08541666666666667
3 0.5578125 0.7208333333333333 0.0625 0.10833333333333334
2 0.671875 0.625 0.05625 0.075
0 0.6257812500000001 0.7385416666666667 0.07968750000000001 0.11458333333333333
1 0.5359375000000001 0.6375 0.05625 0.07916666666666666
2 0.64453125 0.7 0.0703125 0.0875
