0 0.33906250000000004 0.671875 0.05 0.07291666666666667
0 0.884375 0.6416666666666666 0.053125000000000006 0.06666666666666667
3 0.64453125 0.6385416666666667 0.045312500000000006 0.06458333333333333
3 0.49843750000000003 0.6541666666666667 0.046875 0.06666666666666667
2 0.40078125000000003 0.6375 0.051562500000000004 0.06666666666666667
2 0.49062500000000003 0.6 0.040625 0.05416666666666667
0 0.54609375 0.646875 0.051562500000000004 0.07708333333333334
0 0.578125 0.6260416666666666 0.043750000000000004 0.06458333333333333
1 0.40703125 0.621875 0.045312500000000006 0.05625
1 0.5476562500000001 0.5927083333333333 0.0390625 0.05625
2 0.53125 0.628125 0.037500000000000006 0.052083333333333336
