0 0.56796875 0.68125 0.06406250000000001 0.09166666666666666
0 0.18281250000000002 0.7239583333333334 0.078125 0.10208333333333333
3 0.64453125 0.725 0.0703125 0.10833333333333334
1 0.5906250000000001 0.6104166666666666 0.05 0.075
2 0.3171875 0.671875 0.065625 0.08541666666666667
3 0.41171875 0.7197916666666666 0.0671875 0.10208333333333333
1 0.36640625000000004 0.64375 0.0546875 0.075
0 0.478125 0.7291666666666666 0.07500000000000001 0.10833333333333334
2 0.5 0.6177083333333333 0.053125000000000006 0.07291666666666667
2 0.48671875000000003 0.6916666666666667 0.06406250000000001 0.07916666666666666
