0 0.32109375 0.4666666666666667 0.0765625 0.1
3 0.525 0.4166666666666667 0.065625 0.09166666666666666
2 0.46171875 0.334375 0.051562500000000004 0.06875
3 0.69140625 0.3802083333333333 0.0578125 0.08125
0 0.5859375 0.40520833333333334 0.065625 0.09791666666666667
0 0.9617187500000001 0.35520833333333335 0.0671875 0.08125
1 0.5234375 0.3104166666666667 0.046875 0.0625
2 0.37734375000000003 0.403125 0.06406250000000001 0.08125
1 0.371875 0.365625 0.05625 0.06458333333333333
0 0.596875 0.365625 0.053125000000000006 0.07708333333333334
2 0.5546875 0.37395833333333334 0.053125000000000006 0.06458333333333333
