0 0.44375000000000003 0.8260416666666667 0.08750000000000001 0.13125
0 0.7992187500000001 0.5958333333333333 0.051562500000000004 0.0625
1 0.34140625 0.7114583333333333 0.0671875 0.09375
2 0.40156250000000004 0.7427083333333333 0.07500000000000001 0.10625
1 0.40703125 0.6145833333333334 0.051562500000000004 0.06666666666666667
3 0.65 0.646875 0.05 0.07291666666666667
3 0.5671875000000001 0.7145833333333333 0.065625 0.09583333333333333
2 0.3796875 0.646875 0.0625 0.07708333333333334
0 0.5546875 0.65625 0.05625 0.0875
0 0.61640625 0.6958333333333333 0.045312500000000006 0.09166666666666666
2 0.5476562500000001 0.6770833333333334 0.0578125 0.07916666666666666
