0 0.64609375 0.584375 0.0390625 0.052083333333333336
0 0.44609375 0.571875 0.035937500000000004 0.052083333333333336
0 0.921875 0.6135416666666667 0.05 0.06041666666666667
2 0.4921875 0.5333333333333333 0.03125 0.041666666666666664
3 0.7171875000000001 0.5458333333333333 0.03125 0.04583333333333333
1 0.828125 0.6083333333333333 0.043750000000000004 0.058333333333333334
1 0.8640625000000001 0.6239583333333333 0.046875 0.06041666666666667
2 0.55859375 0.5625 0.035937500000000004 0.04583333333333333
0 0.54609375 0.5510416666666667 0.0390625 0.04791666666666666
3 0.8046875 0.5666666666666667 0.034375 0.04583333333333333
