0 0.64609375 0.584375 0.0390625 0.052083333333333336
0 0.44609375 0.571875 0.035937500000000004 0.052083333333333336
0 0.9226562500000001 0.6135416666666667 0.0484375 0.06041666666666667
2 0.4921875 0.5322916666666666 0.03125 0.04375
3 0.71875 0.5447916666666667 0.03125 0.04375
1 0.8656250000000001 0.6239583333333333 0.046875 0.06041666666666667
1 0.828125 0.6083333333333333 0.043750000000000004 0.058333333333333334
3 0.8054687500000001 0.5666666666666667 0.0328125 0.04583333333333333
0 0.54609375 0.5510416666666667 0.0390625 0.052083333333333336
2 0.55859375 0.5614583333333333 0.0390625 0.04791666666666666
