1 0.833203125 0.51875 0.08359375000000001 0.14027777777777778
1 0.459765625 0.44236111111111115 0.06640625 0.12638888888888888
0 0.52890625 0.30972222222222223 0.05 0.09444444444444444
2 0.6414062500000001 0.27847222222222223 0.0484375 0.09027777777777778
2 0.8070312500000001 0.30486111111111114 0.059375000000000004 0.10138888888888889
0 0.5593750000000001 0.26319444444444445 0.045312500000000006 0.08194444444444444
0 0.6953125 0.30833333333333335 0.051562500000000004 0.09166666666666667
3 0.401953125 0.2791666666666667 0.049218750000000006 0.09166666666666667
1 0.7972656250000001 0.45416666666666666 0.07109375 0.125
0 0.49257812500000003 0.21736111111111112 0.039843750000000004 0.07916666666666666
1 0.8500000000000001 0.2902777777777778 0.0484375 0.09166666666666667
1 0.460546875 0.3 0.047656250000000004 0.09166666666666667
2 0.37539062500000003 0.24861111111111112 0.04453125 0.08333333333333334
2 0.7601562500000001 0.39861111111111114 0.06406250000000001 0.10555555555555556
3 0.6921875000000001 0.40902777777777777 0.0703125 0.07916666666666666
2 0.687109375 0.5041666666666667 0.07734375 0.13333333333333333
