1 0.321875 0.32569444444444445 0.05625 0.09861111111111112
3 0.4265625 0.24097222222222223 0.045312500000000006 0.08472222222222223
0 0.53359375 0.11736111111111111 0.029687500000000002 0.05694444444444444
0 0.25039062500000003 0.2611111111111111 0.05078125 0.08888888888888889
2 0.50546875 0.27083333333333337 0.05 0.09444444444444444
2 0.434375 0.13333333333333333 0.0328125 0.06666666666666667
2 0.6609375000000001 0.1527777777777778 0.0390625 0.06944444444444445
3 0.056640625 0.3458333333333333 0.06484375 0.10833333333333334
1 0.13398437500000002 0.34861111111111115 0.06328125 0.10833333333333334
0 0.17148437500000002 0.2465277777777778 0.05234375 0.08194444444444444
1 0.5296875 0.4548611111111111 0.0671875 0.12916666666666668
2 0.217578125 0.36041666666666666 0.06328125 0.1125
1 0.5265625 0.24930555555555556 0.040625 0.08194444444444444
1 0.49921875000000004 0.41250000000000003 0.0625 0.125
0 0.198046875 0.32916666666666666 0.06015625 0.11388888888888889
2 0.016796875 0.325 0.03515625 0.10277777777777779
