2 0.060937500000000006 0.5201388888888889 0.08750000000000001 0.1513888888888889
0 0.0671875 0.4291666666666667 0.060937500000000006 0.08611111111111111
1 0.13789062500000002 0.4527777777777778 0.06796875000000001 0.11388888888888889
0 0.19375 0.39375 0.06875 0.10694444444444445
0 0.21601562500000002 0.3194444444444445 0.06171875 0.08333333333333334
2 0.25039062500000003 0.35694444444444445 0.055468750000000004 0.10833333333333334
1 0.28671875 0.30069444444444443 0.05625 0.09305555555555556
3 0.37421875000000004 0.32708333333333334 0.059375000000000004 0.09305555555555556
2 0.354296875 0.44027777777777777 0.07578125000000001 0.12222222222222223
0 0.3828125 0.28194444444444444 0.046875 0.075
2 0.464453125 0.2965277777777778 0.05078125 0.09027777777777778
