1 0.7390625000000001 0.6520833333333333 0.09531250000000001 0.17083333333333334
0 0.56953125 0.45625000000000004 0.0671875 0.12638888888888888
2 0.61640625 0.37430555555555556 0.059375000000000004 0.1125
3 0.688671875 0.2590277777777778 0.041406250000000006 0.08194444444444444
2 0.45351562500000003 0.375 0.05390625 0.10833333333333334
1 0.40273437500000003 0.40347222222222223 0.06171875 0.11527777777777778
1 0.6359375 0.23541666666666666 0.045312500000000006 0.08194444444444444
0 0.67578125 0.18541666666666667 0.0390625 0.059722222222222225
1 0.696484375 0.21666666666666667 0.03515625 0.058333333333333334
2 0.512109375 0.6034722222222223 0.08984375 0.17083333333333334
