2 0.4140625 0.15347222222222223 0.035937500000000004 0.06805555555555556
1 0.8132812500000001 0.19583333333333333 0.043750000000000004 0.07222222222222223
1 0.547265625 0.22013888888888888 0.039843750000000004 0.06527777777777778
1 0.52578125 0.21458333333333335 0.0328125 0.05416666666666667
1 0.6042968750000001 0.23680555555555557 0.03359375 0.06805555555555556
1 0.6371093750000001 0.22361111111111112 0.032031250000000004 0.05555555555555556
2 0.577734375 0.1763888888888889 0.02890625 0.04722222222222222
2 0.5796875 0.22222222222222224 0.026562500000000003 0.03888888888888889
2 0.659765625 0.19583333333333333 0.032031250000000004 0.0638888888888889
2 0.48867187500000003 0.19791666666666669 0.03828125 0.059722222222222225
3 0.5484375 0.18958333333333335 0.026562500000000003 0.05416666666666667
3 0.609375 0.19583333333333333 0.029687500000000002 0.061111111111111116
0 0.521875 0.16805555555555557 0.028125 0.044444444444444446
0 0.553125 0.15972222222222224 0.025 0.044444444444444446
0 0.59921875 0.15833333333333333 0.025 0.05
0 0.6277343750000001 0.17847222222222223 0.022656250000000003 0.04861111111111111
