1 0.49296875 0.5722222222222223 0.08281250000000001 0.14722222222222223
0 0.19453125000000002 0.5555555555555556 0.0921875 0.1527777777777778
0 0.9246093750000001 0.35555555555555557 0.06328125 0.10833333333333334
0 0.276953125 0.6840277777777778 0.10546875 0.18472222222222223
3 0.6101562500000001 0.35694444444444445 0.0546875 0.11388888888888889
2 0.8296875 0.4048611111111111 0.0703125 0.12083333333333333
2 0.7140625 0.3340277777777778 0.0578125 0.10694444444444445
1 0.467578125 0.8388888888888889 0.11640625 0.19444444444444445
1 0.37929687500000003 0.6423611111111112 0.09140625000000001 0.1625
1 0.8484375000000001 0.3375 0.06406250000000001 0.10555555555555556
0 0.0578125 0.9236111111111112 0.1171875 0.14444444444444446
