1 0.265234375 0.3770833333333333 0.06640625 0.1125
2 0.495703125 0.45416666666666666 0.06796875000000001 0.13611111111111113
1 0.205078125 0.5895833333333333 0.09453125000000001 0.15972222222222224
2 0.70703125 0.22916666666666669 0.0484375 0.08888888888888889
0 0.123046875 0.4430555555555556 0.07734375 0.13055555555555556
3 0.392578125 0.38333333333333336 0.06484375 0.11666666666666667
1 0.556640625 0.24930555555555556 0.04609375 0.08750000000000001
2 0.40234375 0.19861111111111113 0.0421875 0.08333333333333334
0 0.53515625 0.18125 0.037500000000000006 0.07083333333333333
0 0.030859375 0.4131944444444445 0.06328125 0.12638888888888888
2 0.0421875 0.6875 0.084375 0.20555555555555557
0 0.034375 0.5590277777777778 0.0703125 0.08750000000000001
