2 0.37148437500000003 0.2881944444444445 0.05234375 0.09583333333333334
3 0.21210937500000002 0.30069444444444443 0.057031250000000006 0.09861111111111112
0 0.5945312500000001 0.21805555555555556 0.043750000000000004 0.08055555555555556
0 0.680859375 0.25 0.04609375 0.08611111111111111
1 0.067578125 0.5361111111111111 0.08828125 0.1638888888888889
2 0.30898437500000003 0.2763888888888889 0.05859375 0.09444444444444444
0 0.44609375 0.13541666666666669 0.0328125 0.06527777777777778
1 0.31640625 0.24305555555555555 0.0484375 0.075
2 0.697265625 0.20486111111111113 0.04453125 0.07083333333333333
1 0.01015625 0.6270833333333333 0.021875000000000002 0.18194444444444446
