1 0.978515625 0.19305555555555556 0.039843750000000004 0.06944444444444445
1 0.80078125 0.15347222222222223 0.029687500000000002 0.043055555555555555
1 0.849609375 0.15972222222222224 0.025781250000000002 0.03888888888888889
1 0.87265625 0.15555555555555556 0.0203125 0.03333333333333333
1 0.7718750000000001 0.14166666666666666 0.018750000000000003 0.02777777777777778
0 0.7660156250000001 0.12152777777777778 0.01640625 0.02361111111111111
0 0.786328125 0.11666666666666667 0.02109375 0.02777777777777778
0 0.827734375 0.12083333333333333 0.01640625 0.022222222222222223
0 0.85859375 0.1326388888888889 0.0203125 0.03194444444444445
3 0.788671875 0.13055555555555556 0.01640625 0.03333333333333333
3 0.8421875000000001 0.13125 0.025 0.03194444444444445
2 0.749609375 0.13125 0.02109375 0.04027777777777778
2 0.891796875 0.14097222222222222 0.02734375 0.0375
