2 0.35078125000000004 0.33611111111111114 0.0578125 0.11111111111111112
1 0.580078125 0.5618055555555556 0.07734375 0.14583333333333334
0 0.66171875 0.3875 0.0578125 0.11111111111111112
0 0.579296875 0.3784722222222222 0.05859375 0.10138888888888889
1 0.5261718750000001 0.5034722222222222 0.06328125 0.13472222222222222
2 0.467578125 0.46458333333333335 0.05859375 0.14583333333333334
2 0.7875000000000001 0.45763888888888893 0.05625 0.12638888888888888
3 0.579296875 0.4479166666666667 0.055468750000000004 0.11805555555555557
1 0.696484375 0.5618055555555556 0.08359375000000001 0.14583333333333334
0 0.5339843750000001 0.41944444444444445 0.06953125 0.13055555555555556
1 0.74375 0.513888888888889 0.078125 0.1388888888888889
3 0.67890625 0.4534722222222222 0.065625 0.12916666666666668
0 0.721875 0.4215277777777778 0.05625 0.11527777777777778
