2 0.36562500000000003 0.3041666666666667 0.053125000000000006 0.10277777777777779
1 0.5750000000000001 0.4930555555555556 0.07187500000000001 0.13333333333333333
1 0.525390625 0.44722222222222224 0.055468750000000004 0.12222222222222223
1 0.9871093750000001 0.42083333333333334 0.022656250000000003 0.125
2 0.7640625000000001 0.40694444444444444 0.053125000000000006 0.11388888888888889
0 0.650390625 0.3506944444444445 0.05078125 0.10694444444444445
2 0.472265625 0.4138888888888889 0.05390625 0.1277777777777778
1 0.7195312500000001 0.4534722222222222 0.0734375 0.12638888888888888
0 0.573828125 0.3388888888888889 0.05078125 0.08888888888888889
3 0.5691406250000001 0.40069444444444446 0.055468750000000004 0.12083333333333333
0 0.7074218750000001 0.37569444444444444 0.047656250000000004 0.10416666666666667
3 0.6644531250000001 0.4013888888888889 0.06171875 0.10555555555555556
1 0.6765625000000001 0.4930555555555556 0.0671875 0.13333333333333333
