1 0.8343750000000001 0.5166666666666667 0.084375 0.14166666666666666
2 0.86328125 0.37083333333333335 0.06875 0.11666666666666667
2 0.653515625 0.26805555555555555 0.047656250000000004 0.08611111111111111
3 0.701171875 0.31180555555555556 0.05234375 0.09583333333333334
1 0.7992187500000001 0.45208333333333334 0.0734375 0.12916666666666668
2 0.377734375 0.2451388888888889 0.04453125 0.07916666666666666
3 0.40468750000000003 0.27708333333333335 0.0484375 0.09027777777777778
2 0.8132812500000001 0.3055555555555556 0.059375000000000004 0.1
1 0.8425781250000001 0.2916666666666667 0.049218750000000006 0.1
0 0.495703125 0.2138888888888889 0.039843750000000004 0.075
2 0.6234375000000001 0.3506944444444445 0.029687500000000002 0.10972222222222222
0 0.708984375 0.2715277777777778 0.04296875 0.06805555555555556
1 0.582421875 0.2729166666666667 0.05234375 0.08750000000000001
1 0.46171875 0.29375 0.0484375 0.08472222222222223
0 0.534765625 0.2881944444444445 0.055468750000000004 0.0625
