2 0.34453125 0.3680555555555556 0.060937500000000006 0.11666666666666667
1 0.5300781250000001 0.5590277777777778 0.07421875 0.1513888888888889
2 0.8093750000000001 0.5076388888888889 0.0734375 0.1375
1 0.7203125 0.63125 0.09531250000000001 0.16805555555555557
0 0.5867187500000001 0.4201388888888889 0.0625 0.11527777777777778
2 0.46484375 0.513888888888889 0.0625 0.15555555555555556
0 0.67578125 0.4305555555555556 0.060937500000000006 0.1277777777777778
1 0.766796875 0.5743055555555556 0.08515625 0.15694444444444444
3 0.589453125 0.5006944444444444 0.06015625 0.1375
0 0.5339843750000001 0.4569444444444445 0.06640625 0.1388888888888889
1 0.5890625 0.6305555555555555 0.084375 0.16666666666666669
0 0.73984375 0.45972222222222225 0.065625 0.11944444444444445
3 0.6957031250000001 0.4979166666666667 0.06953125 0.13472222222222222
