2 0.34609375000000003 0.3597222222222222 0.060937500000000006 0.11666666666666667
0 0.585546875 0.4104166666666667 0.06015625 0.1125
0 0.671875 0.4222222222222222 0.060937500000000006 0.125
1 0.529296875 0.5465277777777778 0.07109375 0.14583333333333334
3 0.5875 0.47847222222222224 0.059375000000000004 0.10972222222222222
2 0.8031250000000001 0.4951388888888889 0.0734375 0.13472222222222222
0 0.534375 0.4430555555555556 0.0671875 0.12222222222222223
2 0.46601562500000004 0.5034722222222222 0.06328125 0.15416666666666667
1 0.587109375 0.6166666666666667 0.08203125 0.1638888888888889
0 0.737890625 0.45555555555555555 0.06171875 0.1277777777777778
1 0.7621093750000001 0.5590277777777778 0.08515625 0.15416666666666667
1 0.7140625 0.6166666666666667 0.09062500000000001 0.16666666666666669
3 0.698828125 0.48888888888888893 0.07421875 0.12222222222222223
