3 0.558203125 0.5159722222222223 0.07109375 0.13472222222222222
2 0.7156250000000001 0.21597222222222223 0.040625 0.08194444444444444
0 0.560546875 0.13611111111111113 0.03671875 0.06666666666666667
1 0.432421875 0.46805555555555556 0.06328125 0.10555555555555556
1 0.35273437500000004 0.4965277777777778 0.07421875 0.11527777777777778
0 0.1375 0.48958333333333337 0.078125 0.12361111111111112
1 0.16914062500000002 0.5548611111111111 0.06953125 0.12361111111111112
0 0.258984375 0.4395833333333333 0.07421875 0.12083333333333333
3 0.2234375 0.275 0.0921875 0.19722222222222224
2 0.7859375000000001 0.24305555555555555 0.0484375 0.07777777777777778
