2 0.37031250000000004 0.2625 0.05 0.09444444444444444
1 0.9484375 0.35208333333333336 0.06406250000000001 0.10694444444444445
1 0.5613281250000001 0.41250000000000003 0.06328125 0.11666666666666667
1 0.51796875 0.37222222222222223 0.0484375 0.11111111111111112
1 0.651953125 0.4104166666666667 0.06328125 0.11805555555555557
2 0.46992187500000004 0.35208333333333336 0.047656250000000004 0.11527777777777778
0 0.56015625 0.29444444444444445 0.046875 0.08888888888888889
3 0.558203125 0.32708333333333334 0.049218750000000006 0.07916666666666666
1 0.688671875 0.3784722222222222 0.05859375 0.10972222222222222
0 0.62890625 0.28958333333333336 0.0390625 0.07083333333333333
0 0.6785156250000001 0.3104166666666667 0.04296875 0.08194444444444444
3 0.64765625 0.3375 0.05 0.08055555555555556
