2 0.80625 0.3541666666666667 0.060937500000000006 0.12222222222222223
3 0.5375 0.6840277777777778 0.08281250000000001 0.2013888888888889
0 0.32109375 0.6513888888888889 0.10312500000000001 0.17500000000000002
1 0.39960937500000004 0.7201388888888889 0.09609375 0.1625
1 0.32890625 0.49097222222222225 0.0890625 0.15416666666666667
1 0.6046875 0.42847222222222225 0.0703125 0.10972222222222222
1 0.67109375 0.5444444444444445 0.07187500000000001 0.13055555555555556
2 0.47421875 0.42291666666666666 0.09062500000000001 0.10694444444444445
2 0.5105468750000001 0.5472222222222223 0.07578125000000001 0.13611111111111113
3 0.43671875000000004 0.5236111111111111 0.078125 0.14722222222222223
