2 0.37148437500000003 0.2888888888888889 0.05390625 0.09722222222222222
0 0.563671875 0.20069444444444445 0.041406250000000006 0.0763888888888889
3 0.21015625000000002 0.30069444444444443 0.0578125 0.09583333333333334
1 0.06406250000000001 0.5284722222222222 0.09062500000000001 0.14583333333333334
2 0.30898437500000003 0.2763888888888889 0.05859375 0.09722222222222222
1 0.31679687500000003 0.24444444444444446 0.047656250000000004 0.07777777777777778
0 0.4453125 0.13402777777777777 0.0328125 0.059722222222222225
2 0.00859375 0.6215277777777778 0.018750000000000003 0.18194444444444446
0 0.69921875 0.16041666666666668 0.0390625 0.06527777777777778
2 0.9828125000000001 0.12638888888888888 0.0328125 0.08055555555555556
