1 0.79453125 0.4548611111111111 0.0734375 0.12916666666666668
1 0.700390625 0.47222222222222227 0.07109375 0.13333333333333333
2 0.47187500000000004 0.5055555555555555 0.0734375 0.15
0 0.9304687500000001 0.4395833333333333 0.078125 0.13194444444444445
3 0.75390625 0.37222222222222223 0.060937500000000006 0.11111111111111112
0 0.969921875 0.35694444444444445 0.057031250000000006 0.10277777777777779
2 0.720703125 0.2902777777777778 0.05234375 0.09722222222222222
2 0.8988281250000001 0.7479166666666667 0.11328125 0.2152777777777778
2 0.980078125 0.5305555555555556 0.03828125 0.14722222222222223
3 0.97578125 0.7430555555555556 0.045312500000000006 0.20277777777777778
0 0.4453125 0.05694444444444444 0.021875000000000002 0.04166666666666667
