1 0.30078125 0.5569444444444445 0.0859375 0.15
2 0.55625 0.5194444444444445 0.07500000000000001 0.15
1 0.36250000000000004 0.34097222222222223 0.0578125 0.10416666666666667
0 0.129296875 0.375 0.06953125 0.11666666666666667
2 0.792578125 0.2423611111111111 0.05390625 0.09305555555555556
0 0.223046875 0.4138888888888889 0.07265625 0.11944444444444445
3 0.47421875 0.3770833333333333 0.059375000000000004 0.1125
1 0.574609375 0.21875 0.039843750000000004 0.0763888888888889
1 0.534765625 0.75 0.10546875 0.2
2 0.48046875 0.19791666666666669 0.0390625 0.07916666666666666
0 0.6136718750000001 0.18472222222222223 0.03828125 0.06944444444444445
2 0.136328125 0.6333333333333333 0.10546875 0.18333333333333335
1 0.033984375000000004 0.5923611111111111 0.06953125 0.16805555555555557
0 0.12421875 0.5465277777777778 0.1 0.1513888888888889
