1 0.7984375 0.763888888888889 0.1125 0.2
0 0.706640625 0.325 0.05234375 0.09722222222222222
3 0.53359375 0.4513888888888889 0.0625 0.11666666666666667
0 0.555078125 0.5895833333333333 0.04609375 0.16527777777777777
3 0.858984375 0.3340277777777778 0.05234375 0.09027777777777778
1 0.585546875 0.3715277777777778 0.047656250000000004 0.11805555555555557
1 0.6414062500000001 0.40208333333333335 0.060937500000000006 0.10694444444444445
2 0.6515625 0.4777777777777778 0.060937500000000006 0.13055555555555556
2 0.61484375 0.5194444444444445 0.065625 0.11666666666666667
2 0.4859375 0.6145833333333334 0.0859375 0.14027777777777778
