2 0.6761718750000001 0.20972222222222223 0.041406250000000006 0.07777777777777778
1 0.61328125 0.3236111111111111 0.051562500000000004 0.09722222222222222
1 0.83359375 0.5173611111111112 0.08281250000000001 0.14027777777777778
3 0.721875 0.26875 0.0484375 0.08750000000000001
2 0.8093750000000001 0.3076388888888889 0.0546875 0.09861111111111112
0 0.55703125 0.24444444444444446 0.040625 0.08333333333333334
0 0.7953125000000001 0.22291666666666668 0.046875 0.07916666666666666
2 0.377734375 0.2451388888888889 0.04453125 0.08194444444444444
1 0.7984375 0.4513888888888889 0.07500000000000001 0.125
3 0.40468750000000003 0.2777777777777778 0.0484375 0.08888888888888889
1 0.46171875 0.29930555555555555 0.0484375 0.09305555555555556
1 0.84296875 0.28750000000000003 0.043750000000000004 0.09166666666666667
0 0.49375 0.2138888888888889 0.040625 0.075
2 0.525390625 0.3284722222222222 0.05078125 0.09583333333333334
2 0.9929687500000001 0.3055555555555556 0.0125 0.10277777777777779
0 0.5109375 0.2916666666666667 0.045312500000000006 0.08611111111111111
