1 0.44140625 0.4840277777777778 0.0703125 0.13472222222222222
2 0.551953125 0.5159722222222223 0.07578125000000001 0.1486111111111111
1 0.829296875 0.3076388888888889 0.05859375 0.09861111111111112
1 0.4453125 0.32430555555555557 0.05 0.09861111111111112
0 0.5171875 0.33194444444444443 0.051562500000000004 0.10277777777777779
2 0.6359375 0.2965277777777778 0.05 0.09305555555555556
0 0.47890625000000003 0.23194444444444445 0.040625 0.08333333333333334
1 0.8421875000000001 0.5604166666666667 0.09062500000000001 0.1486111111111111
0 0.6863281250000001 0.32916666666666666 0.05234375 0.09444444444444444
0 0.548828125 0.2798611111111111 0.047656250000000004 0.08750000000000001
1 0.800390625 0.4861111111111111 0.07734375 0.13055555555555556
3 0.38515625000000003 0.30069444444444443 0.051562500000000004 0.09583333333333334
2 0.763671875 0.4236111111111111 0.06796875000000001 0.10833333333333334
2 0.358203125 0.26666666666666666 0.047656250000000004 0.08611111111111111
3 0.696875 0.45972222222222225 0.07500000000000001 0.10833333333333334
2 0.679296875 0.5395833333333333 0.07890625000000001 0.1486111111111111
