2 0.71484375 0.2111111111111111 0.040625 0.07777777777777778
1 0.401953125 0.26944444444444443 0.041406250000000006 0.06944444444444445
0 0.40468750000000003 0.32916666666666666 0.0546875 0.09444444444444444
1 0.4609375 0.36180555555555555 0.045312500000000006 0.09861111111111112
3 0.51796875 0.35347222222222224 0.060937500000000006 0.09027777777777778
3 0.475390625 0.28611111111111115 0.05078125 0.07222222222222223
2 0.49062500000000003 0.23194444444444445 0.0390625 0.058333333333333334
2 0.52109375 0.27847222222222223 0.059375000000000004 0.07916666666666666
1 0.5769531250000001 0.25416666666666665 0.04453125 0.08611111111111111
1 0.611328125 0.3013888888888889 0.04609375 0.09166666666666667
