1 0.282421875 0.61875 0.09453125000000001 0.17083333333333334
2 0.5808593750000001 0.42430555555555555 0.06328125 0.12361111111111112
0 0.20429687500000002 0.45069444444444445 0.07890625000000001 0.13194444444444445
3 0.47187500000000004 0.4118055555555556 0.0625 0.12083333333333333
1 0.35546875 0.3701388888888889 0.060937500000000006 0.10972222222222222
0 0.10898437500000001 0.4104166666666667 0.07421875 0.12638888888888888
2 0.8074218750000001 0.26180555555555557 0.055468750000000004 0.09305555555555556
0 0.6214843750000001 0.20069444444444445 0.039843750000000004 0.07083333333333333
2 0.483203125 0.21458333333333335 0.041406250000000006 0.08194444444444444
1 0.581640625 0.23611111111111113 0.04296875 0.08055555555555556
2 0.103515625 0.7104166666666667 0.11640625 0.20416666666666666
1 0.5027343750000001 0.8534722222222223 0.11640625 0.18472222222222223
0 0.09648437500000001 0.5729166666666667 0.10390625 0.09583333333333334
1 0.017578125 0.6555555555555556 0.03671875 0.20555555555555557
