2 0.53125 0.32569444444444445 0.053125000000000006 0.10694444444444445
1 0.710546875 0.3180555555555556 0.05390625 0.09722222222222222
2 0.812109375 0.4486111111111111 0.07109375 0.13611111111111113
3 0.7664062500000001 0.20833333333333334 0.043750000000000004 0.075
0 0.8792968750000001 0.30208333333333337 0.055468750000000004 0.09583333333333334
1 0.8250000000000001 0.24861111111111112 0.046875 0.08055555555555556
3 0.886328125 0.45 0.07109375 0.13333333333333333
1 0.915625 0.5791666666666667 0.09531250000000001 0.1638888888888889
2 0.77265625 0.16458333333333333 0.0390625 0.06527777777777778
0 0.9339843750000001 0.2868055555555556 0.05234375 0.09583333333333334
0 0.9453125 0.23819444444444446 0.046875 0.08194444444444444
0 0.5015625 0.044444444444444446 0.0203125 0.03888888888888889
1 0.9574218750000001 0.5388888888888889 0.08046875 0.14722222222222223
2 0.9929687500000001 0.3548611111111111 0.0125 0.10972222222222222
