2 0.37109375 0.2868055555555556 0.053125000000000006 0.09583333333333334
1 0.063671875 0.5256944444444445 0.08828125 0.14027777777777778
3 0.211328125 0.3013888888888889 0.05859375 0.09722222222222222
2 0.309375 0.2763888888888889 0.0578125 0.09444444444444444
1 0.31679687500000003 0.24375000000000002 0.047656250000000004 0.0763888888888889
0 0.44609375 0.13472222222222222 0.0328125 0.061111111111111116
0 0.69296875 0.1527777777777778 0.037500000000000006 0.058333333333333334
2 0.9832031250000001 0.12638888888888888 0.032031250000000004 0.075
0 0.5890625 0.15625 0.037500000000000006 0.059722222222222225
1 0.008984375000000001 0.6208333333333333 0.01953125 0.18055555555555555
2 0.7660156250000001 0.15833333333333333 0.04296875 0.06944444444444445
