0 0.521484375 0.37986111111111115 0.06171875 0.11527777777777778
3 0.21171875 0.30069444444444443 0.0578125 0.09861111111111112
2 0.37148437500000003 0.2888888888888889 0.05390625 0.09444444444444444
1 0.065234375 0.5284722222222222 0.09140625000000001 0.1486111111111111
0 0.7410156250000001 0.19930555555555557 0.04296875 0.07361111111111111
2 0.30898437500000003 0.2763888888888889 0.05859375 0.09444444444444444
2 0.955078125 0.2152777777777778 0.047656250000000004 0.08611111111111111
1 0.31640625 0.24375000000000002 0.0484375 0.0763888888888889
0 0.44570312500000003 0.13472222222222222 0.03359375 0.061111111111111116
2 0.008203125 0.6215277777777778 0.017968750000000002 0.16527777777777777
3 0.0074218750000000005 0.6256944444444444 0.01640625 0.17083333333333334
