2 0.34375 0.3680555555555556 0.0625 0.11944444444444445
1 0.52890625 0.5590277777777778 0.0703125 0.1513888888888889
2 0.46523437500000003 0.5159722222222223 0.06328125 0.15694444444444444
0 0.5867187500000001 0.4222222222222222 0.0625 0.11388888888888889
2 0.810546875 0.5090277777777777 0.07421875 0.1375
0 0.6765625000000001 0.42847222222222225 0.060937500000000006 0.12361111111111112
1 0.7203125 0.6347222222222223 0.0921875 0.16944444444444445
3 0.590234375 0.5013888888888889 0.06015625 0.13611111111111113
0 0.5339843750000001 0.45625000000000004 0.06640625 0.13472222222222222
1 0.5875 0.6333333333333333 0.08125 0.17222222222222222
1 0.769140625 0.5756944444444445 0.08359375000000001 0.15694444444444444
0 0.7410156250000001 0.4569444444444445 0.07421875 0.11666666666666667
3 0.69453125 0.5034722222222222 0.0703125 0.1125
