1 0.7878906250000001 0.5930555555555556 0.08984375 0.15833333333333333
1 0.8894531250000001 0.5840277777777778 0.09296875 0.15972222222222224
0 0.62421875 0.4256944444444445 0.065625 0.12083333333333333
2 0.30390625000000004 0.6131944444444445 0.096875 0.1763888888888889
0 0.6761718750000001 0.5472222222222223 0.08203125 0.15
0 0.444921875 0.5777777777777778 0.08515625 0.1388888888888889
0 0.043750000000000004 0.11666666666666667 0.0328125 0.05555555555555556
2 0.43007812500000003 0.4013888888888889 0.06484375 0.11388888888888889
1 0.455078125 0.5069444444444444 0.07109375 0.13055555555555556
3 0.403125 0.4618055555555556 0.0546875 0.13472222222222222
3 0.1015625 0.09652777777777778 0.025 0.04583333333333334
