1 0.8246093750000001 0.7673611111111112 0.11796875000000001 0.19861111111111113
0 0.70234375 0.525 0.0765625 0.14444444444444446
2 0.79453125 0.63125 0.096875 0.16805555555555557
0 0.5296875 0.6361111111111112 0.07968750000000001 0.17500000000000002
1 0.49531250000000004 0.5458333333333334 0.07968750000000001 0.11666666666666667
3 0.10820312500000001 0.5625 0.025781250000000002 0.07777777777777778
1 0.7621093750000001 0.44097222222222227 0.055468750000000004 0.10694444444444445
2 0.6546875000000001 0.6513888888888889 0.084375 0.16111111111111112
2 0.513671875 0.42291666666666666 0.06640625 0.14305555555555557
2 0.583984375 0.36041666666666666 0.049218750000000006 0.12916666666666668
2 0.17578125 0.6013888888888889 0.09375 0.18333333333333335
