1 0.655859375 0.10277777777777779 0.02734375 0.05555555555555556
1 0.530859375 0.08680555555555555 0.02109375 0.02361111111111111
1 0.567578125 0.08680555555555555 0.01640625 0.02638888888888889
1 0.584375 0.07708333333333334 0.015625 0.02638888888888889
1 0.507421875 0.07777777777777778 0.02109375 0.02777777777777778
3 0.5300781250000001 0.07361111111111111 0.01640625 0.025
3 0.5613281250000001 0.07361111111111111 0.017968750000000002 0.022222222222222223
2 0.48750000000000004 0.06944444444444445 0.0203125 0.025
2 0.599609375 0.07986111111111112 0.02109375 0.03194444444444445
0 0.51328125 0.06041666666666667 0.0171875 0.02361111111111111
0 0.564453125 0.05625 0.013281250000000001 0.02638888888888889
0 0.542578125 0.04791666666666667 0.02109375 0.020833333333333336
