1 0.207421875 0.5902777777777778 0.09453125000000001 0.16111111111111112
2 0.49648437500000003 0.45416666666666666 0.06640625 0.13333333333333333
0 0.123046875 0.44375000000000003 0.08046875 0.13194444444444445
2 0.712890625 0.22916666666666669 0.047656250000000004 0.08888888888888889
1 0.26796875000000003 0.3506944444444445 0.0625 0.10694444444444445
3 0.3953125 0.3840277777777778 0.0625 0.11527777777777778
1 0.547265625 0.23333333333333334 0.047656250000000004 0.08333333333333334
0 0.030078125 0.4138888888888889 0.06015625 0.125
2 0.40351562500000004 0.19861111111111113 0.041406250000000006 0.08055555555555556
0 0.537109375 0.17847222222222223 0.03828125 0.0625
2 0.041406250000000006 0.6881944444444444 0.08281250000000001 0.20416666666666666
0 0.033984375000000004 0.5576388888888889 0.06796875000000001 0.08194444444444444
