1 0.6328125 0.4701388888888889 0.06875 0.12638888888888888
3 0.544140625 0.40902777777777777 0.06171875 0.11805555555555557
2 0.720703125 0.64375 0.09453125000000001 0.17916666666666667
2 0.47773437500000004 0.34861111111111115 0.05390625 0.09444444444444444
0 0.7585937500000001 0.4041666666666667 0.065625 0.11388888888888889
0 0.7996093750000001 0.36944444444444446 0.06015625 0.11388888888888889
1 0.6902343750000001 0.31319444444444444 0.05234375 0.10694444444444445
2 0.65 0.40347222222222223 0.0625 0.10972222222222222
2 0.36367187500000003 0.4041666666666667 0.06640625 0.1277777777777778
2 0.34453125 0.48125 0.07500000000000001 0.13194444444444445
