3 0.3984375 0.3840277777777778 0.0625 0.11527777777777778
1 0.2078125 0.5895833333333333 0.0921875 0.15972222222222224
0 0.12421875 0.4451388888888889 0.07968750000000001 0.13194444444444445
1 0.2765625 0.3368055555555556 0.059375000000000004 0.10416666666666667
1 0.5398437500000001 0.2215277777777778 0.0421875 0.07916666666666666
2 0.7125 0.22847222222222224 0.0484375 0.08750000000000001
0 0.030468750000000003 0.41458333333333336 0.0625 0.12638888888888888
2 0.40703125 0.19861111111111113 0.0421875 0.08055555555555556
2 0.500390625 0.4430555555555556 0.06796875000000001 0.11111111111111112
0 0.033984375000000004 0.5604166666666667 0.06953125 0.08750000000000001
0 0.540625 0.17500000000000002 0.034375 0.058333333333333334
2 0.041015625 0.6888888888888889 0.08203125 0.20277777777777778
