2 0.095703125 0.4791666666666667 0.08203125 0.14166666666666666
1 0.3984375 0.4916666666666667 0.07187500000000001 0.13333333333333333
3 0.33320312500000004 0.4201388888888889 0.06640625 0.12361111111111112
0 0.55625 0.43472222222222223 0.060937500000000006 0.125
2 0.44453125000000004 0.42083333333333334 0.0625 0.12222222222222223
0 0.61640625 0.39583333333333337 0.0578125 0.11111111111111112
2 0.15742187500000002 0.3993055555555556 0.07109375 0.1125
1 0.5265625 0.34097222222222223 0.051562500000000004 0.09583333333333334
2 0.29921875000000003 0.3506944444444445 0.060937500000000006 0.09583333333333334
2 0.4734375 0.5902777777777778 0.08281250000000001 0.14722222222222223
