1 0.327734375 0.5736111111111112 0.08359375000000001 0.15
0 0.58046875 0.45069444444444445 0.065625 0.12638888888888888
1 0.532421875 0.6284722222222222 0.07890625000000001 0.16805555555555557
0 0.18515625000000002 0.33194444444444443 0.0546875 0.09722222222222222
2 0.663671875 0.4527777777777778 0.07265625 0.125
3 0.24140625000000002 0.5111111111111112 0.08281250000000001 0.13055555555555556
2 0.7125 0.7090277777777778 0.0890625 0.19583333333333333
2 0.56953125 0.3298611111111111 0.053125000000000006 0.09861111111111112
0 0.65 0.3944444444444445 0.0546875 0.10555555555555556
2 0.282421875 0.42430555555555555 0.06484375 0.11527777777777778
