2 0.5027343750000001 0.44930555555555557 0.06796875000000001 0.12916666666666668
1 0.208984375 0.5868055555555556 0.09609375 0.15694444444444444
1 0.392578125 0.4548611111111111 0.07109375 0.12083333333333333
1 0.567578125 0.35347222222222224 0.057031250000000006 0.10694444444444445
0 0.12382812500000001 0.4416666666666667 0.08046875 0.13055555555555556
0 0.5453125 0.18055555555555555 0.037500000000000006 0.07222222222222223
2 0.712109375 0.22986111111111113 0.047656250000000004 0.09027777777777778
2 0.408984375 0.19652777777777777 0.04296875 0.08194444444444444
0 0.030078125 0.4118055555555556 0.06171875 0.12638888888888888
3 0.3921875 0.3826388888888889 0.0578125 0.09027777777777778
1 0.590234375 0.8847222222222223 0.11171875 0.09166666666666667
2 0.018750000000000003 0.2888888888888889 0.0390625 0.08333333333333334
0 0.033984375000000004 0.5777777777777778 0.06953125 0.1277777777777778
2 0.04453125 0.6854166666666667 0.0890625 0.22083333333333335
