2 0.50703125 0.5694444444444444 0.084375 0.15555555555555556
1 0.43671875000000004 0.4354166666666667 0.065625 0.11805555555555557
2 0.28515625 0.33958333333333335 0.059375000000000004 0.10138888888888889
3 0.35234375 0.38958333333333334 0.06406250000000001 0.11805555555555557
0 0.556640625 0.3597222222222222 0.05859375 0.10833333333333334
0 0.593359375 0.32222222222222224 0.05234375 0.1
1 0.49843750000000003 0.2902777777777778 0.045312500000000006 0.09722222222222222
2 0.45429687500000004 0.37777777777777777 0.05859375 0.11666666666666667
2 0.132421875 0.4986111111111111 0.08515625 0.14444444444444446
2 0.15351562500000002 0.4 0.07421875 0.11666666666666667
