1 0.82734375 0.7680555555555556 0.1171875 0.20277777777777778
0 0.7054687500000001 0.5256944444444445 0.078125 0.14305555555555557
2 0.796875 0.6333333333333333 0.1 0.16944444444444445
3 0.35000000000000003 0.5590277777777778 0.06875 0.15972222222222224
1 0.6390625000000001 0.4361111111111111 0.065625 0.11666666666666667
2 0.425390625 0.4666666666666667 0.06171875 0.12222222222222223
0 0.529296875 0.6375000000000001 0.08046875 0.17222222222222222
1 0.482421875 0.5402777777777777 0.07421875 0.09722222222222222
2 0.5078125 0.42291666666666666 0.060937500000000006 0.12361111111111112
1 0.5484375 0.39166666666666666 0.05 0.125
0 0.257421875 0.35208333333333336 0.06328125 0.10694444444444445
