2 0.109375 0.3923611111111111 0.0734375 0.12361111111111112
1 0.541015625 0.5152777777777778 0.07421875 0.1388888888888889
1 0.45 0.5 0.07187500000000001 0.13333333333333333
3 0.844921875 0.44375000000000003 0.07265625 0.12638888888888888
1 0.37265625 0.2215277777777778 0.043750000000000004 0.0763888888888889
0 0.13789062500000002 0.075 0.02734375 0.044444444444444446
0 0.9300781250000001 0.06458333333333334 0.025781250000000002 0.043055555555555555
3 0.405078125 0.07916666666666666 0.02421875 0.05
3 0.189453125 0.06180555555555556 0.02890625 0.034722222222222224
2 0.58203125 0.08333333333333334 0.029687500000000002 0.03888888888888889
