1 0.04609375 0.31736111111111115 0.078125 0.11805555555555557
1 0.27382812500000003 0.29305555555555557 0.06171875 0.09722222222222222
2 0.42109375000000004 0.28541666666666665 0.045312500000000006 0.09861111111111112
2 0.341796875 0.23680555555555557 0.039843750000000004 0.07916666666666666
1 0.361328125 0.20625000000000002 0.041406250000000006 0.07916666666666666
3 0.431640625 0.2152777777777778 0.041406250000000006 0.061111111111111116
0 0.42812500000000003 0.18472222222222223 0.03125 0.05277777777777778
2 0.50234375 0.2076388888888889 0.043750000000000004 0.07916666666666666
2 0.22968750000000002 0.3055555555555556 0.05625 0.08333333333333334
0 0.23046875 0.2569444444444445 0.035937500000000004 0.0638888888888889
