2 0.51015625 0.3472222222222222 0.05625 0.11111111111111112
1 0.694921875 0.3354166666666667 0.055468750000000004 0.10138888888888889
0 0.8699218750000001 0.3111111111111111 0.05859375 0.09722222222222222
1 0.759375 0.30347222222222225 0.051562500000000004 0.09583333333333334
0 0.93671875 0.2590277777777778 0.05 0.08472222222222223
3 0.8812500000000001 0.4756944444444445 0.07187500000000001 0.1375
2 0.8054687500000001 0.4756944444444445 0.0734375 0.14305555555555557
1 0.9167968750000001 0.6159722222222223 0.10234375000000001 0.17083333333333334
2 0.93359375 0.36458333333333337 0.0625 0.10972222222222222
0 0.980078125 0.30972222222222223 0.03671875 0.09444444444444444
2 0.720703125 0.20416666666666666 0.041406250000000006 0.07222222222222223
3 0.731640625 0.25069444444444444 0.04296875 0.07916666666666666
1 0.9558593750000001 0.5729166666666667 0.08515625 0.15694444444444444
0 0.48125 0.04861111111111111 0.0203125 0.03888888888888889
