1 0.178125 0.5368055555555555 0.0890625 0.1486111111111111
1 0.5703125 0.26944444444444443 0.0484375 0.08888888888888889
0 0.264453125 0.3506944444444445 0.06328125 0.10972222222222222
0 0.215234375 0.25277777777777777 0.049218750000000006 0.08888888888888889
2 0.390625 0.2916666666666667 0.0484375 0.09444444444444444
2 0.4 0.4277777777777778 0.0625 0.12222222222222223
1 0.1765625 0.3597222222222222 0.065625 0.11111111111111112
3 0.098828125 0.3513888888888889 0.06640625 0.11111111111111112
0 0.29921875000000003 0.29097222222222224 0.0546875 0.09305555555555556
0 0.44062500000000004 0.3159722222222222 0.051562500000000004 0.09583333333333334
1 0.586328125 0.49097222222222225 0.07421875 0.13194444444444445
2 0.516015625 0.39166666666666666 0.06015625 0.10555555555555556
1 0.5476562500000001 0.4375 0.065625 0.11388888888888889
2 0.06171875 0.3236111111111111 0.059375000000000004 0.10277777777777779
3 0.46718750000000003 0.42083333333333334 0.06875 0.08888888888888889
2 0.440234375 0.5041666666666667 0.06640625 0.1277777777777778
