2 0.40664062500000003 0.18472222222222223 0.03828125 0.075
1 0.85546875 0.23958333333333334 0.0484375 0.08194444444444444
2 0.85546875 0.24027777777777778 0.05 0.08333333333333334
1 0.5574218750000001 0.2763888888888889 0.039843750000000004 0.08611111111111111
1 0.62109375 0.28611111111111115 0.0390625 0.08333333333333334
1 0.65546875 0.26805555555555555 0.034375 0.08611111111111111
1 0.5300781250000001 0.2548611111111111 0.03359375 0.059722222222222225
2 0.5875 0.21736111111111112 0.025 0.051388888888888894
2 0.586328125 0.26875 0.02421875 0.05416666666666667
2 0.6796875 0.2388888888888889 0.028125 0.0638888888888889
2 0.4890625 0.23611111111111113 0.037500000000000006 0.06666666666666667
3 0.55625 0.23055555555555557 0.0390625 0.06944444444444445
3 0.61640625 0.23125 0.029687500000000002 0.05694444444444444
0 0.52578125 0.21180555555555555 0.029687500000000002 0.059722222222222225
0 0.555859375 0.19166666666666668 0.01953125 0.036111111111111115
0 0.6121093750000001 0.19652777777777777 0.030468750000000003 0.05416666666666667
0 0.6468750000000001 0.20972222222222223 0.026562500000000003 0.04722222222222222
0 0.385546875 0.024305555555555556 0.02421875 0.043055555555555555
