2 0.6203125 0.3263888888888889 0.0546875 0.10833333333333334
1 0.81171875 0.33472222222222225 0.060937500000000006 0.10277777777777779
2 0.9222656250000001 0.4881944444444445 0.08046875 0.15416666666666667
3 0.8816406250000001 0.22222222222222224 0.04609375 0.08333333333333334
2 0.899609375 0.17916666666666667 0.041406250000000006 0.06944444444444445
1 0.966015625 0.2763888888888889 0.05390625 0.08888888888888889
0 0.982421875 0.33194444444444443 0.032031250000000004 0.10277777777777779
3 0.9812500000000001 0.4930555555555556 0.034375 0.13611111111111113
0 0.9105468750000001 0.08680555555555555 0.04296875 0.059722222222222225
1 0.9871093750000001 0.6513888888888889 0.02421875 0.19722222222222224
0 0.595703125 0.04236111111111111 0.01953125 0.04027777777777778
