1 0.266796875 0.5402777777777777 0.08515625 0.14444444444444446
2 0.7742187500000001 0.64375 0.09843750000000001 0.1736111111111111
3 0.310546875 0.3451388888888889 0.05390625 0.10138888888888889
0 0.718359375 0.7597222222222223 0.07578125000000001 0.20833333333333334
1 0.5484375 0.5277777777777778 0.078125 0.1388888888888889
1 0.526953125 0.6270833333333333 0.06640625 0.16805555555555557
0 0.369140625 0.33819444444444446 0.05859375 0.10416666666666667
0 0.431640625 0.3 0.05078125 0.08888888888888889
1 0.5769531250000001 0.3194444444444445 0.049218750000000006 0.09444444444444444
3 0.13046875 0.2986111111111111 0.053125000000000006 0.1
2 0.16562500000000002 0.31666666666666665 0.059375000000000004 0.1
2 0.25234375000000003 0.2569444444444445 0.05 0.075
2 0.6156250000000001 0.6472222222222223 0.0921875 0.16666666666666669
