0 0.54296875 0.2576388888888889 0.0484375 0.09305555555555556
2 0.36953125000000003 0.2888888888888889 0.053125000000000006 0.09722222222222222
3 0.208984375 0.3 0.057031250000000006 0.09722222222222222
1 0.063671875 0.5284722222222222 0.09140625000000001 0.14583333333333334
2 0.308203125 0.27708333333333335 0.05859375 0.09583333333333334
1 0.316015625 0.24444444444444446 0.047656250000000004 0.07777777777777778
2 0.008203125 0.6201388888888889 0.01640625 0.17916666666666667
0 0.7078125000000001 0.17569444444444446 0.0390625 0.06527777777777778
3 0.008203125 0.6222222222222222 0.01640625 0.17777777777777778
0 0.44062500000000004 0.14305555555555557 0.035937500000000004 0.06944444444444445
