3 0.6351562500000001 0.3402777777777778 0.051562500000000004 0.10277777777777779
0 0.28359375000000003 0.48680555555555555 0.07968750000000001 0.14027777777777778
2 0.3765625 0.44930555555555557 0.0703125 0.12083333333333333
2 0.05625 0.5152777777777778 0.08125 0.1277777777777778
1 0.13828125 0.45555555555555555 0.08125 0.1277777777777778
0 0.07109375 0.4340277777777778 0.0625 0.10138888888888889
0 0.36640625000000004 0.2881944444444445 0.05 0.08472222222222223
3 0.544140625 0.32916666666666666 0.05234375 0.08888888888888889
2 0.5847656250000001 0.28958333333333336 0.055468750000000004 0.09861111111111112
2 0.42734375 0.32222222222222224 0.0578125 0.09444444444444444
