0 0.494140625 0.45416666666666666 0.07109375 0.13055555555555556
2 0.369921875 0.28958333333333336 0.05234375 0.09583333333333334
3 0.20820312500000002 0.30069444444444443 0.057031250000000006 0.09861111111111112
1 0.062890625 0.5284722222222222 0.08984375 0.14583333333333334
0 0.739453125 0.20902777777777778 0.04296875 0.07361111111111111
2 0.30781250000000004 0.2763888888888889 0.059375000000000004 0.09722222222222222
1 0.316015625 0.24375000000000002 0.047656250000000004 0.07361111111111111
2 0.9753906250000001 0.22291666666666668 0.04609375 0.08750000000000001
0 0.4453125 0.13541666666666669 0.0328125 0.0625
2 0.008984375000000001 0.6201388888888889 0.01953125 0.16527777777777777
