2 0.739453125 0.5506944444444445 0.08515625 0.1486111111111111
3 0.39375000000000004 0.5118055555555556 0.07187500000000001 0.1375
1 0.323828125 0.5722222222222223 0.07890625000000001 0.14166666666666666
0 0.630859375 0.4027777777777778 0.06015625 0.11388888888888889
1 0.482421875 0.5458333333333334 0.07578125000000001 0.10833333333333334
1 0.53359375 0.6263888888888889 0.07968750000000001 0.1638888888888889
2 0.6296875000000001 0.5104166666666667 0.07500000000000001 0.12361111111111112
2 0.42617187500000003 0.41597222222222224 0.06640625 0.11527777777777778
0 0.26210937500000003 0.6652777777777779 0.09765625 0.15
2 0.72421875 0.7430555555555556 0.0890625 0.2
0 0.665625 0.6041666666666667 0.07500000000000001 0.13055555555555556
1 0.6796875 0.3159722222222222 0.0546875 0.09305555555555556
0 0.47578125000000004 0.3159722222222222 0.045312500000000006 0.08472222222222223
