2 0.371875 0.28750000000000003 0.053125000000000006 0.09444444444444444
1 0.066796875 0.5263888888888889 0.08671875000000001 0.14166666666666666
3 0.21250000000000002 0.30069444444444443 0.05625 0.09861111111111112
0 0.5359375000000001 0.6215277777777778 0.08750000000000001 0.1486111111111111
2 0.30976562500000004 0.275 0.05859375 0.09444444444444444
0 0.7445312500000001 0.20833333333333334 0.043750000000000004 0.07222222222222223
2 0.976171875 0.22083333333333335 0.04453125 0.08611111111111111
1 0.3171875 0.24375000000000002 0.0484375 0.0763888888888889
0 0.44648437500000004 0.13472222222222222 0.032031250000000004 0.061111111111111116
1 0.009765625 0.6222222222222222 0.02109375 0.16666666666666669
