2 0.7039062500000001 0.14305555555555557 0.0328125 0.061111111111111116
3 0.04296875 0.24444444444444446 0.046875 0.07222222222222223
3 0.546875 0.22569444444444445 0.045312500000000006 0.08194444444444444
3 0.5085937500000001 0.18958333333333335 0.029687500000000002 0.03194444444444445
0 0.46718750000000003 0.2076388888888889 0.035937500000000004 0.07361111111111111
1 0.455078125 0.1590277777777778 0.02890625 0.04861111111111111
1 0.6160156250000001 0.19305555555555556 0.03359375 0.08055555555555556
1 0.5890625 0.15694444444444444 0.0328125 0.05277777777777778
3 0.6375000000000001 0.14652777777777778 0.034375 0.0625
2 0.5265625 0.1527777777777778 0.026562500000000003 0.058333333333333334
