3 0.334765625 0.25416666666666665 0.049218750000000006 0.08888888888888889
2 0.58984375 0.16180555555555556 0.037500000000000006 0.07083333333333333
0 0.13671875 0.29097222222222224 0.0578125 0.09305555555555556
0 0.43359375 0.14583333333333334 0.0328125 0.0638888888888889
1 0.21796875000000002 0.35208333333333336 0.06406250000000001 0.10694444444444445
2 0.419921875 0.28125 0.05859375 0.09861111111111112
2 0.31796875 0.16458333333333333 0.0421875 0.07361111111111111
1 0.43867187500000004 0.2576388888888889 0.04453125 0.08472222222222223
2 0.10703125000000001 0.4 0.0671875 0.13055555555555556
1 0.44140625 0.4590277777777778 0.078125 0.14027777777777778
1 0.423828125 0.425 0.08515625 0.1277777777777778
1 0.020703125000000003 0.4 0.04296875 0.12222222222222223
