3 0.6746093750000001 0.4756944444444445 0.07734375 0.13472222222222222
3 0.9398437500000001 0.55 0.09375 0.1527777777777778
3 0.43281250000000004 0.5340277777777778 0.0765625 0.14583333333333334
1 0.04609375 0.6180555555555556 0.09062500000000001 0.15555555555555556
2 0.032421875 0.7513888888888889 0.06484375 0.19722222222222224
0 0.29726562500000003 0.725 0.10546875 0.18333333333333335
0 0.34492187500000004 0.3729166666666667 0.05390625 0.09583333333333334
2 0.34921875 0.3229166666666667 0.043750000000000004 0.0763888888888889
2 0.47968750000000004 0.4131944444444445 0.06406250000000001 0.10694444444444445
2 0.5847656250000001 0.4395833333333333 0.07109375 0.11805555555555557
1 0.5847656250000001 0.3680555555555556 0.06015625 0.08611111111111111
1 0.6742187500000001 0.33611111111111114 0.059375000000000004 0.10555555555555556
0 0.6472656250000001 0.2972222222222222 0.057031250000000006 0.10833333333333334
