2 0.33437500000000003 0.4840277777777778 0.0765625 0.13472222222222222
2 0.7097656250000001 0.4 0.06484375 0.11666666666666667
0 0.20390625 0.5798611111111112 0.08125 0.15972222222222224
3 0.122265625 0.6854166666666667 0.10234375000000001 0.1875
0 0.6203125 0.3416666666666667 0.051562500000000004 0.09722222222222222
2 0.534375 0.36597222222222225 0.05625 0.09027777777777778
0 0.08671875000000001 0.3965277777777778 0.07187500000000001 0.11805555555555557
1 0.221484375 0.5076388888888889 0.07734375 0.12916666666666668
1 0.09843750000000001 0.5993055555555555 0.1 0.1625
0 0.246875 0.3388888888888889 0.0625 0.09444444444444444
3 0.13593750000000002 0.5041666666666667 0.08125 0.14444444444444446
2 0.01171875 0.4708333333333333 0.025 0.14166666666666666
