2 0.49609375 0.4534722222222222 0.06875 0.13472222222222222
1 0.28359375000000003 0.4027777777777778 0.06875 0.11666666666666667
1 0.205078125 0.5888888888888889 0.09453125000000001 0.15833333333333333
2 0.708984375 0.22986111111111113 0.049218750000000006 0.08750000000000001
3 0.388671875 0.3826388888888889 0.06484375 0.11527777777777778
0 0.5359375000000001 0.18125 0.037500000000000006 0.07361111111111111
0 0.12265625000000001 0.4430555555555556 0.078125 0.13055555555555556
2 0.40273437500000003 0.19861111111111113 0.041406250000000006 0.08055555555555556
1 0.571484375 0.27361111111111114 0.047656250000000004 0.09166666666666667
0 0.03125 0.41250000000000003 0.0625 0.125
2 0.019140625 0.2888888888888889 0.03828125 0.08333333333333334
0 0.03515625 0.5597222222222222 0.0703125 0.08888888888888889
1 0.591796875 0.8993055555555556 0.09453125000000001 0.12083333333333333
2 0.045312500000000006 0.6944444444444444 0.09062500000000001 0.19166666666666668
