1 0.46640625 0.07430555555555556 0.021875000000000002 0.03194444444444445
1 0.501171875 0.07569444444444445 0.017968750000000002 0.034722222222222224
1 0.519921875 0.06944444444444445 0.02109375 0.030555555555555558
1 0.44375000000000003 0.06319444444444444 0.018750000000000003 0.02638888888888889
3 0.46406250000000004 0.06180555555555556 0.0171875 0.029166666666666667
3 0.49609375 0.0638888888888889 0.0171875 0.030555555555555558
0 0.46171875 0.04861111111111111 0.021875000000000002 0.02777777777777778
0 0.507421875 0.04583333333333334 0.02109375 0.03333333333333333
2 0.42500000000000004 0.05625 0.015625 0.029166666666666667
2 0.534765625 0.06805555555555556 0.01640625 0.030555555555555558
