1 0.82578125 0.7666666666666667 0.1171875 0.2
3 0.221484375 0.6402777777777778 0.09765625 0.17500000000000002
0 0.7035156250000001 0.525 0.08203125 0.14444444444444446
2 0.8015625000000001 0.6451388888888889 0.1 0.17083333333333334
0 0.5300781250000001 0.6333333333333333 0.07578125000000001 0.17777777777777778
2 0.28671875 0.51875 0.07968750000000001 0.14583333333333334
1 0.527734375 0.5472222222222223 0.07890625000000001 0.1388888888888889
1 0.19687500000000002 0.5604166666666667 0.08750000000000001 0.14305555555555557
2 0.491796875 0.4479166666666667 0.06953125 0.12083333333333333
0 0.31953125000000004 0.3201388888888889 0.045312500000000006 0.11527777777777778
1 0.36796875 0.3541666666666667 0.051562500000000004 0.1
0 0.180078125 0.5020833333333333 0.08828125 0.14583333333333334
3 0.10546875 0.5909722222222222 0.09062500000000001 0.16527777777777777
2 0.6488281250000001 0.6444444444444445 0.07734375 0.14166666666666666
