0 0.0125 0.23402777777777778 0.025 0.08472222222222223
3 0.54921875 0.2111111111111111 0.040625 0.075
3 0.509375 0.1638888888888889 0.028125 0.05277777777777778
0 0.468359375 0.19722222222222224 0.039843750000000004 0.07222222222222223
1 0.465625 0.16319444444444445 0.029687500000000002 0.05416666666666667
2 0.5046875000000001 0.21180555555555555 0.03125 0.05694444444444444
1 0.616796875 0.17569444444444446 0.032031250000000004 0.05416666666666667
1 0.587890625 0.1513888888888889 0.02734375 0.061111111111111116
0 0.7015625000000001 0.13958333333333334 0.0421875 0.08194444444444444
3 0.08359375000000001 0.20208333333333334 0.035937500000000004 0.06805555555555556
