1 0.34882812500000004 0.3298611111111111 0.05390625 0.09861111111111112
3 0.45390625 0.2423611111111111 0.043750000000000004 0.08472222222222223
1 0.36953125000000003 0.22708333333333333 0.0421875 0.07916666666666666
2 0.6859375000000001 0.16180555555555556 0.037500000000000006 0.06805555555555556
0 0.27734375 0.2652777777777778 0.05 0.08611111111111111
2 0.448828125 0.14027777777777778 0.032031250000000004 0.0638888888888889
1 0.5242187500000001 0.1513888888888889 0.029687500000000002 0.061111111111111116
3 0.08828125 0.3451388888888889 0.06406250000000001 0.10972222222222222
1 0.162890625 0.3513888888888889 0.06171875 0.10833333333333334
0 0.5546875 0.13125 0.029687500000000002 0.05694444444444444
0 0.199609375 0.24722222222222223 0.05078125 0.08055555555555556
2 0.24726562500000002 0.3652777777777778 0.06171875 0.11111111111111112
2 0.048046875 0.3180555555555556 0.049218750000000006 0.09722222222222222
