1 0.34375 0.31666666666666665 0.053125000000000006 0.09722222222222222
3 0.44570312500000003 0.23333333333333334 0.04296875 0.08055555555555556
1 0.362890625 0.21805555555555556 0.041406250000000006 0.075
2 0.6726562500000001 0.15347222222222223 0.035937500000000004 0.06527777777777778
3 0.08750000000000001 0.3340277777777778 0.0625 0.10694444444444445
0 0.27265625 0.25625000000000003 0.0484375 0.08472222222222223
2 0.44062500000000004 0.13472222222222222 0.03125 0.0638888888888889
1 0.162109375 0.33819444444444446 0.06015625 0.10416666666666667
1 0.516796875 0.14375000000000002 0.030468750000000003 0.05694444444444444
0 0.19492187500000002 0.24097222222222223 0.05078125 0.07916666666666666
2 0.244140625 0.35000000000000003 0.06015625 0.10555555555555556
0 0.544921875 0.12291666666666667 0.02890625 0.051388888888888894
0 0.22265625 0.3159722222222222 0.053125000000000006 0.09861111111111112
2 0.047656250000000004 0.3111111111111111 0.046875 0.09166666666666667
2 0.51171875 0.6034722222222223 0.07500000000000001 0.15972222222222224
