1 0.649609375 0.5430555555555556 0.08046875 0.14722222222222223
0 0.4546875 0.5770833333333334 0.08125 0.1513888888888889
1 0.5632812500000001 0.5881944444444445 0.08281250000000001 0.15694444444444444
0 0.392578125 0.4625 0.07109375 0.1277777777777778
3 0.784765625 0.34861111111111115 0.06171875 0.11111111111111112
2 0.9730468750000001 0.42083333333333334 0.05078125 0.13055555555555556
0 0.27265625 0.7541666666666667 0.1171875 0.20555555555555557
1 0.172265625 0.7243055555555555 0.10234375000000001 0.1875
2 0.89765625 0.36319444444444443 0.07187500000000001 0.11527777777777778
3 0.130859375 0.6055555555555556 0.09921875000000001 0.1527777777777778
2 0.152734375 0.5111111111111112 0.09296875 0.15
1 0.9089843750000001 0.3298611111111111 0.06328125 0.09861111111111112
2 0.034375 0.8340277777777778 0.0703125 0.2263888888888889
