3 0.6265625 0.3375 0.051562500000000004 0.10277777777777779
0 0.267578125 0.42986111111111114 0.06640625 0.12916666666666668
2 0.353125 0.4465277777777778 0.0703125 0.12083333333333333
2 0.05625 0.5152777777777778 0.08125 0.1277777777777778
1 0.13828125 0.45555555555555555 0.08125 0.1277777777777778
0 0.07109375 0.4340277777777778 0.0625 0.10138888888888889
0 0.349609375 0.30625 0.04453125 0.09027777777777778
0 0.51171875 0.25069444444444444 0.037500000000000006 0.059722222222222225
2 0.5378906250000001 0.2868055555555556 0.04296875 0.07361111111111111
3 0.544140625 0.32916666666666666 0.05234375 0.08888888888888889
2 0.5847656250000001 0.28958333333333336 0.055468750000000004 0.09861111111111112
2 0.38203125000000004 0.3402777777777778 0.0578125 0.09444444444444444
