1 0.34765625 0.3145833333333333 0.053125000000000006 0.09861111111111112
1 0.3671875 0.2152777777777778 0.040625 0.075
3 0.44960937500000003 0.23125 0.041406250000000006 0.08194444444444444
1 0.16718750000000002 0.33472222222222225 0.060937500000000006 0.10555555555555556
0 0.27734375 0.2534722222222222 0.0484375 0.08472222222222223
2 0.44453125000000004 0.13333333333333333 0.0328125 0.0638888888888889
0 0.54921875 0.12083333333333333 0.028125 0.05277777777777778
1 0.5183593750000001 0.14166666666666666 0.030468750000000003 0.058333333333333334
2 0.6765625000000001 0.15208333333333335 0.037500000000000006 0.06527777777777778
3 0.09335937500000001 0.32916666666666666 0.06328125 0.10555555555555556
0 0.20039062500000002 0.23750000000000002 0.049218750000000006 0.08055555555555556
2 0.24960937500000002 0.34652777777777777 0.06171875 0.10972222222222222
2 0.05390625 0.3076388888888889 0.046875 0.09861111111111112
0 0.229296875 0.3145833333333333 0.05390625 0.09861111111111112
