3 0.31328125 0.6381944444444445 0.09375 0.1763888888888889
2 0.704296875 0.5333333333333333 0.07890625000000001 0.1388888888888889
1 0.81953125 0.7708333333333334 0.11406250000000001 0.2
0 0.7078125000000001 0.42291666666666666 0.0671875 0.11805555555555557
1 0.25078125 0.5770833333333334 0.0890625 0.1486111111111111
0 0.5421875 0.6236111111111111 0.0859375 0.18333333333333335
0 0.225 0.3416666666666667 0.059375000000000004 0.10833333333333334
1 0.58359375 0.4881944444444445 0.0703125 0.14305555555555557
1 0.512890625 0.46111111111111114 0.06640625 0.12222222222222223
2 0.3609375 0.5243055555555556 0.0734375 0.13194444444444445
2 0.09375 0.6291666666666667 0.08281250000000001 0.1638888888888889
2 0.6023437500000001 0.5375 0.07500000000000001 0.10833333333333334
0 0.10703125000000001 0.5333333333333333 0.08281250000000001 0.12222222222222223
2 0.435546875 0.6180555555555556 0.08046875 0.14166666666666666
