1 0.29921875000000003 0.38958333333333334 0.06406250000000001 0.1125
2 0.176171875 0.43680555555555556 0.07265625 0.13194444444444445
0 0.22382812500000002 0.30972222222222223 0.05859375 0.1
3 0.421484375 0.2826388888888889 0.049218750000000006 0.09583333333333334
2 0.509375 0.3236111111111111 0.0578125 0.10555555555555556
2 0.683203125 0.17777777777777778 0.039843750000000004 0.075
0 0.54609375 0.13541666666666669 0.03125 0.0625
2 0.432421875 0.15208333333333335 0.03515625 0.07083333333333333
1 0.534765625 0.2972222222222222 0.047656250000000004 0.09444444444444444
1 0.5390625 0.5680555555555555 0.07968750000000001 0.15
1 0.08359375000000001 0.4215277777777778 0.0734375 0.12083333333333333
1 0.499609375 0.49930555555555556 0.07265625 0.13472222222222222
3 0.019140625 0.41597222222222224 0.039843750000000004 0.12361111111111112
0 0.15937500000000002 0.39583333333333337 0.06875 0.125
0 0.1390625 0.28750000000000003 0.05625 0.08888888888888889
