2 0.7562500000000001 0.5395833333333333 0.084375 0.1513888888888889
1 0.6199218750000001 0.42291666666666666 0.06484375 0.12083333333333333
3 0.516796875 0.3965277777777778 0.06171875 0.11527777777777778
2 0.42265625 0.3541666666666667 0.05625 0.10555555555555556
0 0.6917968750000001 0.3402777777777778 0.055468750000000004 0.10555555555555556
0 0.70703125 0.30069444444444443 0.05 0.09027777777777778
2 0.353125 0.5243055555555556 0.07968750000000001 0.15694444444444444
2 0.6058593750000001 0.3625 0.05390625 0.09166666666666667
2 0.331640625 0.44097222222222227 0.07421875 0.13472222222222222
1 0.605078125 0.2847222222222222 0.05390625 0.08611111111111111
