1 0.18359375 0.8625 0.13125 0.22222222222222224
3 0.40468750000000003 0.5708333333333333 0.08750000000000001 0.1527777777777778
2 0.6171875 0.44097222222222227 0.0671875 0.12638888888888888
1 0.26484375 0.6479166666666667 0.1015625 0.1736111111111111
1 0.54453125 0.7388888888888889 0.10312500000000001 0.19166666666666668
2 0.9300781250000001 0.4215277777777778 0.07578125000000001 0.13472222222222222
0 0.6605468750000001 0.30208333333333337 0.05390625 0.09305555555555556
2 0.478515625 0.3236111111111111 0.05390625 0.10833333333333334
1 0.609375 0.36458333333333337 0.059375000000000004 0.1125
0 0.034765625 0.8444444444444444 0.07109375 0.21666666666666667
