1 0.83203125 0.15069444444444444 0.035937500000000004 0.06527777777777778
1 0.67578125 0.12361111111111112 0.021875000000000002 0.03333333333333333
1 0.653515625 0.11736111111111111 0.025781250000000002 0.02638888888888889
1 0.721875 0.125 0.018750000000000003 0.02777777777777778
1 0.7406250000000001 0.12083333333333333 0.0171875 0.025
0 0.654296875 0.09652777777777778 0.01640625 0.02361111111111111
0 0.6687500000000001 0.09444444444444444 0.018750000000000003 0.022222222222222223
0 0.7039062500000001 0.08958333333333333 0.028125 0.03194444444444445
0 0.7308593750000001 0.10486111111111111 0.02109375 0.029166666666666667
2 0.634765625 0.1076388888888889 0.025781250000000002 0.02638888888888889
2 0.7585937500000001 0.11111111111111112 0.0203125 0.036111111111111115
3 0.6734375 0.10416666666666667 0.015625 0.025
3 0.71015625 0.10347222222222223 0.0234375 0.029166666666666667
