1 0.107421875 0.22847222222222224 0.049218750000000006 0.08194444444444444
2 0.268359375 0.2388888888888889 0.05234375 0.08333333333333334
1 0.15976562500000002 0.23402777777777778 0.049218750000000006 0.08472222222222223
1 0.31171875000000004 0.22222222222222224 0.046875 0.08333333333333334
1 0.37734375000000003 0.15416666666666667 0.035937500000000004 0.06666666666666667
2 0.3640625 0.18472222222222223 0.034375 0.07222222222222223
3 0.436328125 0.16597222222222222 0.03359375 0.04583333333333334
0 0.4421875 0.14583333333333334 0.0328125 0.05555555555555556
0 0.276953125 0.18888888888888888 0.03828125 0.04166666666666667
2 0.431640625 0.2138888888888889 0.04296875 0.07222222222222223
2 0.496875 0.1625 0.0328125 0.05277777777777778
