2 0.34296875000000004 0.36875 0.060937500000000006 0.11805555555555557
1 0.5296875 0.5597222222222222 0.07500000000000001 0.15
1 0.719921875 0.6326388888888889 0.09609375 0.16527777777777777
2 0.810546875 0.5097222222222222 0.07265625 0.1388888888888889
0 0.67578125 0.4291666666666667 0.060937500000000006 0.125
0 0.5859375 0.4201388888888889 0.0625 0.1125
3 0.5886718750000001 0.5006944444444444 0.06015625 0.13472222222222222
1 0.767578125 0.5743055555555556 0.08359375000000001 0.15416666666666667
0 0.53359375 0.45763888888888893 0.0671875 0.1375
1 0.5867187500000001 0.6326388888888889 0.08125 0.16527777777777777
2 0.46406250000000004 0.5152777777777778 0.0625 0.15555555555555556
0 0.7390625000000001 0.46111111111111114 0.0671875 0.11944444444444445
3 0.696484375 0.4965277777777778 0.06796875000000001 0.13194444444444445
