1 0.8921875 0.5826388888888889 0.09375 0.15972222222222224
0 0.626953125 0.4236111111111111 0.06640625 0.11666666666666667
0 0.677734375 0.5458333333333334 0.08046875 0.15
0 0.045703125000000004 0.11527777777777778 0.032031250000000004 0.05555555555555556
2 0.432421875 0.40208333333333335 0.06640625 0.11527777777777778
3 0.40937500000000004 0.46111111111111114 0.0625 0.13055555555555556
1 0.456640625 0.5041666666666667 0.07265625 0.13055555555555556
0 0.44140625 0.5902777777777778 0.0734375 0.1638888888888889
1 0.75390625 0.5875 0.018750000000000003 0.14166666666666666
1 0.7894531250000001 0.5722222222222223 0.08046875 0.11666666666666667
2 0.304296875 0.5680555555555555 0.08828125 0.15833333333333333
3 0.106640625 0.09583333333333334 0.025781250000000002 0.04722222222222222
