1 0.066796875 0.5270833333333333 0.08671875000000001 0.14305555555555557
2 0.371875 0.28750000000000003 0.053125000000000006 0.09444444444444444
3 0.21250000000000002 0.30069444444444443 0.05625 0.09861111111111112
0 0.744140625 0.20902777777777778 0.04296875 0.07361111111111111
2 0.309375 0.275 0.059375000000000004 0.09444444444444444
2 0.976171875 0.2215277777777778 0.04453125 0.08472222222222223
0 0.53515625 0.61875 0.0859375 0.14305555555555557
0 0.44609375 0.13541666666666669 0.0328125 0.0625
1 0.3171875 0.24444444444444446 0.0484375 0.07777777777777778
1 0.009375000000000001 0.6201388888888889 0.0203125 0.17083333333333334
