2 0.37109375 0.2888888888888889 0.053125000000000006 0.09444444444444444
1 0.065234375 0.5298611111111111 0.08828125 0.14305555555555557
3 0.211328125 0.3027777777777778 0.057031250000000006 0.1
0 0.7445312500000001 0.21041666666666667 0.043750000000000004 0.07361111111111111
2 0.30898437500000003 0.27708333333333335 0.05859375 0.09305555555555556
1 0.31640625 0.24444444444444446 0.0484375 0.075
2 0.976171875 0.22222222222222224 0.04453125 0.08611111111111111
0 0.582421875 0.15347222222222223 0.03515625 0.05694444444444444
1 0.008203125 0.6256944444444444 0.017968750000000002 0.1736111111111111
0 0.41054687500000003 0.11805555555555557 0.032031250000000004 0.05555555555555556
