1 0.891796875 0.5840277777777778 0.09296875 0.15972222222222224
0 0.677734375 0.5458333333333334 0.08203125 0.15
0 0.626171875 0.42430555555555555 0.06640625 0.12083333333333333
0 0.44609375 0.5923611111111111 0.08750000000000001 0.17083333333333334
1 0.7898437500000001 0.5930555555555556 0.09062500000000001 0.15833333333333333
0 0.044921875 0.11597222222222223 0.032031250000000004 0.05694444444444444
2 0.431640625 0.4013888888888889 0.06640625 0.11388888888888889
1 0.45625000000000004 0.5090277777777777 0.07187500000000001 0.13472222222222222
3 0.40742187500000004 0.4618055555555556 0.06015625 0.13194444444444445
2 0.30625 0.6041666666666667 0.09531250000000001 0.1638888888888889
3 0.1046875 0.10347222222222223 0.026562500000000003 0.04583333333333334
