1 0.460546875 0.4416666666666667 0.06484375 0.125
1 0.83203125 0.5152777777777778 0.084375 0.14166666666666666
0 0.5296875 0.3090277777777778 0.05 0.09583333333333334
2 0.6414062500000001 0.27847222222222223 0.0484375 0.09027777777777778
0 0.5609375 0.2625 0.0421875 0.08333333333333334
3 0.40351562500000004 0.2777777777777778 0.049218750000000006 0.09166666666666667
0 0.49375 0.21736111111111112 0.0390625 0.07916666666666666
2 0.81015625 0.30694444444444446 0.0578125 0.1
0 0.6960937500000001 0.3076388888888889 0.05 0.09027777777777778
1 0.46210937500000004 0.3 0.049218750000000006 0.09166666666666667
2 0.37734375000000003 0.24722222222222223 0.045312500000000006 0.08333333333333334
1 0.8421875000000001 0.2888888888888889 0.043750000000000004 0.09444444444444444
1 0.796484375 0.4513888888888889 0.07265625 0.12222222222222223
2 0.7601562500000001 0.39583333333333337 0.0625 0.10555555555555556
3 0.694921875 0.4173611111111111 0.06484375 0.09861111111111112
2 0.6824218750000001 0.4951388888888889 0.07265625 0.12638888888888888
