2 0.4765625 0.40625 0.06406250000000001 0.12916666666666668
1 0.8109375000000001 0.7479166666666667 0.11093750000000001 0.20416666666666666
1 0.721875 0.65 0.0921875 0.17500000000000002
1 0.9480468750000001 0.7618055555555556 0.09765625 0.20972222222222223
0 0.859375 0.4965277777777778 0.078125 0.14305555555555557
3 0.7757812500000001 0.5881944444444445 0.09062500000000001 0.15416666666666667
1 0.978125 0.6784722222222223 0.0421875 0.18194444444444446
0 0.751171875 0.4861111111111111 0.08046875 0.14166666666666666
0 0.70859375 0.5256944444444445 0.07968750000000001 0.16527777777777777
2 0.822265625 0.5215277777777778 0.07109375 0.12916666666666668
0 0.941015625 0.5437500000000001 0.08046875 0.1486111111111111
2 0.6394531250000001 0.5881944444444445 0.08515625 0.16527777777777777
2 0.858984375 0.6513888888888889 0.08359375000000001 0.14722222222222223
3 0.905859375 0.59375 0.08984375 0.16805555555555557
