1 0.71796875 0.13194444444444445 0.029687500000000002 0.058333333333333334
1 0.580078125 0.11666666666666667 0.01953125 0.030555555555555558
1 0.55703125 0.1125 0.015625 0.02777777777777778
1 0.620703125 0.11458333333333334 0.013281250000000001 0.018055555555555557
1 0.6421875 0.11111111111111112 0.018750000000000003 0.025
0 0.5671875000000001 0.09444444444444444 0.0203125 0.022222222222222223
0 0.5847656250000001 0.08819444444444445 0.01171875 0.0125
0 0.6117187500000001 0.08402777777777778 0.0171875 0.020833333333333336
0 0.6351562500000001 0.09166666666666667 0.0125 0.011111111111111112
3 0.583984375 0.09583333333333334 0.017968750000000002 0.019444444444444445
3 0.6121093750000001 0.09375 0.01640625 0.02361111111111111
2 0.540234375 0.09583333333333334 0.02421875 0.02777777777777778
2 0.662109375 0.10972222222222222 0.01640625 0.025
