1 0.270703125 0.3548611111111111 0.06328125 0.10972222222222222
1 0.20390625 0.5923611111111111 0.096875 0.15972222222222224
0 0.11953125 0.4444444444444445 0.08125 0.13055555555555556
0 0.5359375000000001 0.1798611111111111 0.037500000000000006 0.06805555555555556
3 0.393359375 0.38472222222222224 0.06328125 0.11388888888888889
2 0.7078125000000001 0.22916666666666669 0.0484375 0.08611111111111111
2 0.40156250000000004 0.2 0.040625 0.08333333333333334
1 0.496875 0.20972222222222223 0.040625 0.07777777777777778
0 0.027734375000000002 0.4138888888888889 0.057031250000000006 0.125
2 0.039453125000000006 0.6895833333333333 0.08046875 0.20416666666666666
0 0.032421875 0.5729166666666667 0.06640625 0.10416666666666667
2 0.030468750000000003 0.059722222222222225 0.0578125 0.12222222222222223
