1 0.78828125 0.5923611111111111 0.09062500000000001 0.15694444444444444
1 0.8894531250000001 0.5833333333333334 0.09296875 0.15833333333333333
2 0.3046875 0.6138888888888889 0.09531250000000001 0.17777777777777778
0 0.6765625000000001 0.5472222222222223 0.08125 0.15
0 0.624609375 0.4256944444444445 0.06640625 0.12083333333333333
0 0.4453125 0.5958333333333333 0.0890625 0.17500000000000002
0 0.044140625 0.11666666666666667 0.032031250000000004 0.05555555555555556
1 0.45546875000000003 0.5090277777777777 0.07187500000000001 0.13472222222222222
2 0.43085937500000004 0.4013888888888889 0.06640625 0.11388888888888889
3 0.403125 0.4618055555555556 0.0546875 0.13472222222222222
3 0.101953125 0.09722222222222222 0.02734375 0.05
