1 0.29726562500000003 0.3944444444444445 0.06484375 0.11388888888888889
1 0.326953125 0.26319444444444445 0.05078125 0.08750000000000001
0 0.217578125 0.3145833333333333 0.06015625 0.09861111111111112
3 0.424609375 0.28125 0.05078125 0.09305555555555556
2 0.17343750000000002 0.4444444444444445 0.078125 0.1277777777777778
2 0.6796875 0.18055555555555555 0.040625 0.07222222222222223
2 0.42031250000000003 0.15694444444444444 0.035937500000000004 0.06944444444444445
0 0.130859375 0.2951388888888889 0.05859375 0.09305555555555556
0 0.5375 0.14305555555555557 0.03125 0.061111111111111116
1 0.50703125 0.16597222222222222 0.034375 0.06527777777777778
3 0.018359375 0.425 0.03671875 0.12222222222222223
1 0.07890625000000001 0.4277777777777778 0.07500000000000001 0.12222222222222223
0 0.15351562500000002 0.40069444444444446 0.06953125 0.12083333333333333
1 0.593359375 0.6763888888888889 0.08671875000000001 0.14444444444444446
