1 0.321875 0.5173611111111112 0.07968750000000001 0.1375
3 0.35390625000000003 0.36388888888888893 0.05625 0.10833333333333334
2 0.773046875 0.6430555555555556 0.09609375 0.17222222222222222
3 0.18085937500000002 0.3263888888888889 0.05390625 0.1
0 0.7175781250000001 0.7590277777777779 0.07578125000000001 0.20972222222222223
1 0.5691406250000001 0.525 0.07578125000000001 0.13055555555555556
2 0.236328125 0.34305555555555556 0.05859375 0.09444444444444444
1 0.527734375 0.6333333333333333 0.07109375 0.1638888888888889
0 0.444140625 0.3597222222222222 0.055468750000000004 0.1277777777777778
2 0.6253906250000001 0.638888888888889 0.08203125 0.16944444444444445
1 0.589453125 0.3284722222222222 0.05390625 0.09861111111111112
2 0.31484375000000003 0.28958333333333336 0.053125000000000006 0.08750000000000001
0 0.46171875 0.32083333333333336 0.053125000000000006 0.09722222222222222
