2 0.8425781250000001 0.5590277777777778 0.09140625000000001 0.15694444444444444
1 0.712109375 0.42291666666666666 0.06484375 0.11527777777777778
3 0.611328125 0.38125000000000003 0.05859375 0.1125
2 0.5261718750000001 0.33263888888888893 0.05234375 0.09583333333333334
0 0.7996093750000001 0.35208333333333336 0.06328125 0.10972222222222222
2 0.45 0.4743055555555556 0.08125 0.12361111111111112
0 0.8203125 0.325 0.0546875 0.10833333333333334
2 0.702734375 0.36597222222222225 0.055468750000000004 0.09027777777777778
3 0.751953125 0.17430555555555557 0.03515625 0.06527777777777778
2 0.43671875000000004 0.3888888888888889 0.065625 0.10555555555555556
