1 0.07421875 0.6715277777777778 0.10625000000000001 0.1763888888888889
2 0.31640625 0.32083333333333336 0.059375000000000004 0.10555555555555556
3 0.2109375 0.3597222222222222 0.065625 0.11111111111111112
2 0.7328125000000001 0.3576388888888889 0.0578125 0.1125
1 0.42304687500000004 0.26458333333333334 0.05078125 0.09027777777777778
0 0.49726562500000004 0.2826388888888889 0.04609375 0.09027777777777778
2 0.397265625 0.33611111111111114 0.05234375 0.10277777777777779
1 0.538671875 0.3145833333333333 0.05078125 0.08750000000000001
1 0.012890625000000001 0.8152777777777778 0.02734375 0.2111111111111111
2 0.981640625 0.13055555555555556 0.03515625 0.06666666666666667
