1 0.8246093750000001 0.7666666666666667 0.11640625 0.2
0 0.52734375 0.5958333333333333 0.07187500000000001 0.1638888888888889
0 0.748046875 0.5305555555555556 0.08515625 0.13611111111111113
2 0.79609375 0.6340277777777779 0.09843750000000001 0.16805555555555557
3 0.374609375 0.6527777777777778 0.07265625 0.15833333333333333
2 0.6824218750000001 0.525 0.03515625 0.10833333333333334
2 0.5320312500000001 0.45833333333333337 0.059375000000000004 0.11944444444444445
2 0.451953125 0.5576388888888889 0.06328125 0.12638888888888888
0 0.521875 0.39305555555555555 0.0546875 0.10555555555555556
1 0.5886718750000001 0.42430555555555555 0.07109375 0.12361111111111112
2 0.43398437500000003 0.4569444444444445 0.06171875 0.11111111111111112
