2 0.23945312500000002 0.35833333333333334 0.06484375 0.11666666666666667
1 0.46328125000000003 0.5104166666666667 0.07500000000000001 0.10972222222222222
1 0.54609375 0.6506944444444445 0.09375 0.12916666666666668
1 0.55703125 0.5611111111111111 0.08125 0.14444444444444446
1 0.511328125 0.22986111111111113 0.04609375 0.07916666666666666
2 0.49140625000000004 0.5979166666666667 0.037500000000000006 0.11527777777777778
3 0.5730468750000001 0.09166666666666667 0.02734375 0.058333333333333334
2 0.7679687500000001 0.10694444444444445 0.03125 0.05555555555555556
0 0.32929687500000004 0.061111111111111116 0.02421875 0.05277777777777778
3 0.373046875 0.05555555555555556 0.030468750000000003 0.04722222222222222
