1 0.19843750000000002 0.5736111111111112 0.0921875 0.15555555555555556
2 0.7742187500000001 0.6430555555555556 0.09843750000000001 0.17500000000000002
0 0.7175781250000001 0.7604166666666667 0.07578125000000001 0.20694444444444446
1 0.5085937500000001 0.5222222222222223 0.07500000000000001 0.1388888888888889
3 0.28125 0.34305555555555556 0.0578125 0.1
1 0.52578125 0.6284722222222222 0.0671875 0.16527777777777777
1 0.5632812500000001 0.3215277777777778 0.051562500000000004 0.09583333333333334
0 0.40273437500000003 0.2888888888888889 0.05859375 0.09444444444444444
0 0.32734375000000004 0.31527777777777777 0.05 0.08333333333333334
3 0.24609375 0.2986111111111111 0.053125000000000006 0.08333333333333334
2 0.6140625000000001 0.6423611111111112 0.084375 0.18472222222222223
