3 0.6023437500000001 0.2902777777777778 0.046875 0.09444444444444444
1 0.476171875 0.4527777777777778 0.06796875000000001 0.125
1 0.39570312500000004 0.5 0.07265625 0.13333333333333333
2 0.755078125 0.32222222222222224 0.057031250000000006 0.10277777777777779
2 0.690625 0.2923611111111111 0.05625 0.09583333333333334
1 0.02734375 0.3340277777777778 0.0546875 0.10416666666666667
1 0.7039062500000001 0.2604166666666667 0.046875 0.07916666666666666
0 0.851171875 0.17152777777777778 0.03828125 0.07083333333333333
0 0.499609375 0.65 0.09296875 0.10555555555555556
3 0.02890625 0.12847222222222224 0.026562500000000003 0.059722222222222225
2 0.14453125 0.1125 0.029687500000000002 0.061111111111111116
