1 0.037500000000000006 0.6055555555555556 0.07500000000000001 0.1638888888888889
1 0.44765625000000003 0.26944444444444443 0.0484375 0.08888888888888889
0 0.059765625 0.2923611111111111 0.055468750000000004 0.09583333333333334
2 0.255859375 0.3090277777777778 0.05859375 0.09861111111111112
0 0.15195312500000002 0.3194444444444445 0.06171875 0.1
0 0.11406250000000001 0.38819444444444445 0.07187500000000001 0.11805555555555557
1 0.027734375000000002 0.4104166666666667 0.055468750000000004 0.11527777777777778
1 0.467578125 0.4902777777777778 0.07109375 0.13333333333333333
1 0.42734375 0.44097222222222227 0.065625 0.11805555555555557
2 0.392578125 0.39513888888888893 0.05859375 0.09861111111111112
0 0.3140625 0.3368055555555556 0.05625 0.11527777777777778
2 0.32734375000000004 0.38680555555555557 0.0625 0.1125
3 0.338671875 0.44375000000000003 0.06953125 0.10694444444444445
2 0.32070312500000003 0.5423611111111112 0.08984375 0.1513888888888889
