2 0.43281250000000004 0.09444444444444444 0.029687500000000002 0.05277777777777778
1 0.74375 0.11944444444444445 0.0328125 0.058333333333333334
1 0.586328125 0.13680555555555557 0.025781250000000002 0.05416666666666667
1 0.5421875 0.14444444444444446 0.028125 0.058333333333333334
1 0.5203125000000001 0.13125 0.028125 0.04583333333333334
1 0.611328125 0.1326388888888889 0.02109375 0.0375
0 0.5222656250000001 0.10347222222222223 0.01953125 0.034722222222222224
0 0.540625 0.09375 0.0171875 0.02361111111111111
0 0.5808593750000001 0.09930555555555556 0.025781250000000002 0.02638888888888889
0 0.6082031250000001 0.10486111111111111 0.02734375 0.0375
2 0.49648437500000003 0.12222222222222223 0.02734375 0.044444444444444446
2 0.630078125 0.12361111111111112 0.03359375 0.05277777777777778
