3 0.209765625 0.30069444444444443 0.055468750000000004 0.09583333333333334
0 0.534765625 0.6208333333333333 0.09140625000000001 0.14166666666666666
2 0.37031250000000004 0.28958333333333336 0.053125000000000006 0.09583333333333334
1 0.064453125 0.5277777777777778 0.08671875000000001 0.14444444444444446
0 0.7445312500000001 0.2076388888888889 0.043750000000000004 0.07083333333333333
2 0.30781250000000004 0.2763888888888889 0.059375000000000004 0.09722222222222222
1 0.3171875 0.24444444444444446 0.0484375 0.075
2 0.97578125 0.22222222222222224 0.045312500000000006 0.08611111111111111
0 0.4453125 0.13472222222222222 0.0328125 0.058333333333333334
2 0.008984375000000001 0.6201388888888889 0.01953125 0.1625
3 0.0078125 0.6243055555555556 0.0171875 0.16805555555555557
