1 0.37929687500000003 0.50625 0.07265625 0.13194444444444445
0 0.155078125 0.5395833333333333 0.09140625000000001 0.1486111111111111
2 0.778515625 0.6458333333333334 0.09921875000000001 0.17500000000000002
3 0.2734375 0.37777777777777777 0.0625 0.11111111111111112
3 0.416015625 0.40069444444444446 0.057031250000000006 0.1125
0 0.5484375 0.4041666666666667 0.0578125 0.11666666666666667
0 0.720703125 0.7534722222222222 0.07265625 0.20972222222222223
1 0.589453125 0.5145833333333334 0.07890625000000001 0.12361111111111112
0 0.501171875 0.3451388888888889 0.049218750000000006 0.09861111111111112
1 0.529296875 0.6340277777777779 0.07890625000000001 0.16527777777777777
1 0.5925781250000001 0.3548611111111111 0.04609375 0.10138888888888889
2 0.34765625 0.3729166666666667 0.05625 0.1125
2 0.400390625 0.32708333333333334 0.055468750000000004 0.08472222222222223
2 0.852734375 0.9388888888888889 0.15390625000000002 0.11944444444444445
2 0.6433593750000001 0.6444444444444445 0.08671875000000001 0.16111111111111112
