3 0.037500000000000006 0.24027777777777778 0.043750000000000004 0.06944444444444445
3 0.54921875 0.24930555555555556 0.05625 0.07916666666666666
0 0.4546875 0.23958333333333334 0.0421875 0.0625
2 0.499609375 0.2520833333333333 0.04296875 0.0763888888888889
3 0.50390625 0.20277777777777778 0.0390625 0.0638888888888889
1 0.44765625000000003 0.1902777777777778 0.040625 0.06944444444444445
1 0.5906250000000001 0.1840277777777778 0.034375 0.0763888888888889
1 0.619140625 0.22013888888888888 0.03828125 0.07361111111111111
2 0.70859375 0.15763888888888888 0.0421875 0.07083333333333333
2 0.5203125000000001 0.1736111111111111 0.037500000000000006 0.05555555555555556
2 0.54296875 0.20486111111111113 0.0390625 0.05416666666666667
