0 0.53125 0.31875000000000003 0.0546875 0.10138888888888889
2 0.37148437500000003 0.2881944444444445 0.05390625 0.09583333333333334
3 0.21171875 0.30069444444444443 0.0578125 0.09583333333333334
1 0.065234375 0.5256944444444445 0.08828125 0.14027777777777778
2 0.30898437500000003 0.2763888888888889 0.05859375 0.09444444444444444
0 0.7234375000000001 0.18611111111111112 0.040625 0.07222222222222223
2 0.930859375 0.20277777777777778 0.047656250000000004 0.08333333333333334
1 0.31640625 0.24305555555555555 0.0484375 0.075
0 0.44609375 0.13333333333333333 0.0328125 0.0638888888888889
2 0.009765625 0.6256944444444444 0.02109375 0.17083333333333334
