2 0.34414062500000003 0.3680555555555556 0.06171875 0.11666666666666667
1 0.5300781250000001 0.5590277777777778 0.07421875 0.1486111111111111
1 0.7203125 0.6326388888888889 0.09531250000000001 0.16527777777777777
2 0.81015625 0.5090277777777777 0.0734375 0.1375
0 0.67578125 0.42847222222222225 0.060937500000000006 0.12361111111111112
0 0.5867187500000001 0.41875 0.0625 0.1125
3 0.5890625 0.5020833333333333 0.060937500000000006 0.1375
2 0.464453125 0.5145833333333334 0.06171875 0.15694444444444444
1 0.7679687500000001 0.5743055555555556 0.08281250000000001 0.15416666666666667
0 0.533203125 0.45833333333333337 0.06640625 0.1388888888888889
1 0.586328125 0.63125 0.08203125 0.16527777777777777
3 0.696875 0.5006944444444444 0.06875 0.14027777777777778
0 0.739453125 0.4604166666666667 0.06640625 0.11805555555555557
