1 0.371875 0.47222222222222227 0.0703125 0.1277777777777778
0 0.5328125 0.42847222222222225 0.0625 0.12361111111111112
2 0.34296875000000004 0.6583333333333333 0.09843750000000001 0.18055555555555555
0 0.596875 0.39513888888888893 0.059375000000000004 0.11527777777777778
3 0.318359375 0.40069444444444446 0.06015625 0.11805555555555557
2 0.423828125 0.4104166666666667 0.06171875 0.11805555555555557
2 0.160546875 0.3770833333333333 0.06796875000000001 0.1125
1 0.5125000000000001 0.33333333333333337 0.051562500000000004 0.10833333333333334
2 0.302734375 0.3354166666666667 0.06328125 0.09861111111111112
2 0.0054687500000000005 0.2013888888888889 0.0125 0.09444444444444444
