1 0.28554687500000003 0.5194444444444445 0.08046875 0.13611111111111113
0 0.5496093750000001 0.44027777777777777 0.06484375 0.125
0 0.47304687500000003 0.4743055555555556 0.06953125 0.1375
2 0.358984375 0.45069444444444445 0.06953125 0.13194444444444445
2 0.205078125 0.7513888888888889 0.12109375 0.20833333333333334
2 0.10390625 0.3909722222222222 0.07187500000000001 0.11805555555555557
3 0.251171875 0.43125 0.06796875000000001 0.11805555555555557
1 0.48046875 0.3666666666666667 0.059375000000000004 0.13055555555555556
2 0.035937500000000004 0.48125 0.07187500000000001 0.1486111111111111
2 0.24960937500000002 0.3548611111111111 0.06328125 0.10972222222222222
