2 0.346484375 0.35347222222222224 0.06015625 0.11805555555555557
0 0.583203125 0.40069444444444446 0.06015625 0.10694444444444445
0 0.66953125 0.41111111111111115 0.0578125 0.11666666666666667
1 0.525 0.5215277777777778 0.060937500000000006 0.12361111111111112
1 0.708984375 0.5986111111111111 0.08203125 0.15555555555555556
1 0.753515625 0.5437500000000001 0.08046875 0.14305555555555557
3 0.58359375 0.4701388888888889 0.0578125 0.12361111111111112
2 0.465625 0.4951388888888889 0.059375000000000004 0.15416666666666667
1 0.584375 0.5868055555555556 0.084375 0.14027777777777778
0 0.534765625 0.4305555555555556 0.06953125 0.11388888888888889
2 0.796484375 0.4826388888888889 0.07421875 0.12916666666666668
2 0.521484375 0.5736111111111112 0.041406250000000006 0.09444444444444444
3 0.6859375000000001 0.4590277777777778 0.065625 0.09027777777777778
