3 0.27382812500000003 0.39375 0.06328125 0.11805555555555557
0 0.49062500000000003 0.39722222222222225 0.0578125 0.11388888888888889
0 0.546484375 0.36041666666666666 0.05390625 0.10416666666666667
1 0.339453125 0.45555555555555555 0.06953125 0.12222222222222223
2 0.382421875 0.39305555555555555 0.06328125 0.11944444444444445
2 0.3375 0.6256944444444444 0.09375 0.16805555555555557
2 0.043750000000000004 0.46111111111111114 0.078125 0.13611111111111113
1 0.46484375 0.31527777777777777 0.05 0.09166666666666667
2 0.23945312500000002 0.33194444444444443 0.05859375 0.09722222222222222
2 0.102734375 0.38472222222222224 0.06796875000000001 0.10833333333333334
