2 0.37109375 0.2902777777777778 0.053125000000000006 0.09444444444444444
1 0.065234375 0.5298611111111111 0.08828125 0.14305555555555557
3 0.211328125 0.3027777777777778 0.057031250000000006 0.1
0 0.6609375000000001 0.22361111111111112 0.043750000000000004 0.08055555555555556
0 0.744140625 0.20833333333333334 0.04296875 0.075
2 0.30898437500000003 0.2763888888888889 0.05859375 0.09444444444444444
2 0.976171875 0.2215277777777778 0.04453125 0.08472222222222223
1 0.31640625 0.2451388888888889 0.0484375 0.0763888888888889
1 0.008203125 0.6277777777777778 0.017968750000000002 0.17500000000000002
0 0.384375 0.11319444444444444 0.0328125 0.05694444444444444
