2 0.37148437500000003 0.2881944444444445 0.05234375 0.09305555555555556
3 0.21210937500000002 0.3013888888888889 0.057031250000000006 0.1
1 0.0671875 0.5319444444444444 0.08750000000000001 0.1527777777777778
0 0.69296875 0.19236111111111112 0.040625 0.07361111111111111
2 0.30859375 0.2763888888888889 0.0578125 0.09166666666666667
0 0.44570312500000003 0.13541666666666669 0.032031250000000004 0.0625
1 0.31640625 0.24375000000000002 0.0484375 0.07361111111111111
1 0.01015625 0.6256944444444444 0.0203125 0.17916666666666667
0 0.6023437500000001 0.14583333333333334 0.034375 0.05277777777777778
2 0.714453125 0.14097222222222222 0.03671875 0.0625
