1 0.18515625000000002 0.5826388888888889 0.09375 0.15694444444444444
2 0.7742187500000001 0.64375 0.09843750000000001 0.1763888888888889
1 0.505078125 0.5222222222222223 0.07578125000000001 0.1388888888888889
0 0.7175781250000001 0.7597222222222223 0.07578125000000001 0.20833333333333334
1 0.52578125 0.6277777777777778 0.065625 0.16944444444444445
3 0.30312500000000003 0.3506944444444445 0.059375000000000004 0.10138888888888889
1 0.5593750000000001 0.32222222222222224 0.053125000000000006 0.09444444444444444
0 0.40742187500000004 0.2868055555555556 0.05390625 0.08472222222222223
3 0.261328125 0.3013888888888889 0.04453125 0.08333333333333334
2 0.2484375 0.33611111111111114 0.05 0.08888888888888889
2 0.6101562500000001 0.6381944444444445 0.0859375 0.1625
