2 0.7117187500000001 0.18888888888888888 0.0390625 0.075
1 0.41132812500000004 0.24791666666666667 0.041406250000000006 0.0763888888888889
0 0.41718750000000004 0.29791666666666666 0.0484375 0.08194444444444444
1 0.467578125 0.325 0.039843750000000004 0.08055555555555556
3 0.525390625 0.31736111111111115 0.05078125 0.09583333333333334
2 0.48359375000000004 0.2590277777777778 0.037500000000000006 0.06805555555555556
3 0.494140625 0.20694444444444446 0.03671875 0.061111111111111116
3 0.519921875 0.25625000000000003 0.03828125 0.07083333333333333
1 0.57578125 0.23194444444444445 0.043750000000000004 0.09166666666666667
1 0.6179687500000001 0.27847222222222223 0.05625 0.07916666666666666
