1 0.30312500000000003 0.5708333333333333 0.09062500000000001 0.15555555555555556
3 0.42304687500000004 0.32708333333333334 0.05390625 0.10138888888888889
2 0.582421875 0.3284722222222222 0.05390625 0.10138888888888889
2 0.95078125 0.42083333333333334 0.07968750000000001 0.13611111111111113
1 0.20625000000000002 0.675 0.109375 0.18333333333333335
0 0.63671875 0.16180555555555556 0.037500000000000006 0.07083333333333333
1 0.54140625 0.26875 0.045312500000000006 0.08472222222222223
0 0.060546875 0.7402777777777778 0.11640625 0.19722222222222224
2 0.51484375 0.30625 0.0546875 0.09583333333333334
1 0.66015625 0.1277777777777778 0.060937500000000006 0.08888888888888889
