0 0.511328125 0.4513888888888889 0.06953125 0.13055555555555556
2 0.371875 0.28958333333333336 0.053125000000000006 0.09583333333333334
3 0.21210937500000002 0.3013888888888889 0.057031250000000006 0.1
1 0.065625 0.5263888888888889 0.0890625 0.1388888888888889
2 0.30898437500000003 0.27708333333333335 0.05859375 0.09583333333333334
0 0.7359375 0.20694444444444446 0.043750000000000004 0.07222222222222223
0 0.44609375 0.13541666666666669 0.0328125 0.0625
1 0.31679687500000003 0.24375000000000002 0.047656250000000004 0.07361111111111111
2 0.9753906250000001 0.22222222222222224 0.04609375 0.08611111111111111
2 0.008984375000000001 0.6229166666666667 0.01953125 0.16527777777777777
