2 0.525390625 0.32430555555555557 0.05390625 0.10694444444444445
1 0.7039062500000001 0.3159722222222222 0.053125000000000006 0.09583333333333334
0 0.873046875 0.29930555555555555 0.057031250000000006 0.09305555555555556
1 0.7738281250000001 0.26875 0.047656250000000004 0.09027777777777778
3 0.876953125 0.4486111111111111 0.07109375 0.13611111111111113
2 0.8050781250000001 0.4451388888888889 0.06953125 0.13472222222222222
1 0.90625 0.5756944444444445 0.096875 0.16527777777777777
2 0.73984375 0.1826388888888889 0.040625 0.07083333333333333
3 0.7445312500000001 0.22847222222222224 0.037500000000000006 0.07361111111111111
1 0.950390625 0.5361111111111111 0.08515625 0.15555555555555556
0 0.9484375 0.2388888888888889 0.05 0.08333333333333334
0 0.9609375 0.29305555555555557 0.05625 0.10277777777777779
2 0.9609375 0.34861111111111115 0.0625 0.10277777777777779
