1 0.70859375 0.5159722222222223 0.0765625 0.14305555555555557
1 0.7140625 0.3423611111111111 0.05625 0.10416666666666667
0 0.755078125 0.2534722222222222 0.04609375 0.08750000000000001
0 0.7953125000000001 0.3729166666666667 0.06406250000000001 0.11527777777777778
3 0.6511718750000001 0.30625 0.05078125 0.09861111111111112
2 0.943359375 0.36736111111111114 0.06953125 0.11805555555555557
0 0.835546875 0.3229166666666667 0.05859375 0.09861111111111112
2 0.6265625 0.26666666666666666 0.0484375 0.08888888888888889
0 0.986328125 0.4215277777777778 0.025781250000000002 0.12083333333333333
2 0.6640625 0.6548611111111111 0.08750000000000001 0.15972222222222224
0 0.015625 0.13472222222222222 0.0328125 0.061111111111111116
