1 0.21054687500000002 0.5902777777777778 0.09296875 0.15833333333333333
2 0.503515625 0.4513888888888889 0.06796875000000001 0.13055555555555556
1 0.57578125 0.30833333333333335 0.051562500000000004 0.09722222222222222
0 0.12578125 0.4430555555555556 0.078125 0.13055555555555556
1 0.33320312500000004 0.42708333333333337 0.06796875000000001 0.12083333333333333
2 0.7117187500000001 0.22986111111111113 0.046875 0.08750000000000001
3 0.393359375 0.3805555555555556 0.05859375 0.11388888888888889
0 0.5390625 0.18125 0.035937500000000004 0.07083333333333333
2 0.408984375 0.19791666666666669 0.041406250000000006 0.08194444444444444
0 0.030859375 0.4138888888888889 0.06328125 0.125
1 0.58984375 0.8895833333333334 0.11406250000000001 0.09305555555555556
2 0.041406250000000006 0.6868055555555556 0.084375 0.20694444444444446
0 0.034765625 0.5625 0.07109375 0.09166666666666667
