0 0.209765625 0.26805555555555555 0.05390625 0.08888888888888889
2 0.353515625 0.1840277777777778 0.041406250000000006 0.07361111111111111
3 0.385546875 0.24305555555555555 0.04609375 0.08611111111111111
1 0.284765625 0.32916666666666666 0.05859375 0.10277777777777779
0 0.47578125000000004 0.17152777777777778 0.035937500000000004 0.07083333333333333
2 0.47421875 0.2715277777777778 0.053125000000000006 0.09583333333333334
2 0.640234375 0.1902777777777778 0.041406250000000006 0.07777777777777778
3 0.02109375 0.36458333333333337 0.043750000000000004 0.11805555555555557
1 0.495703125 0.2465277777777778 0.039843750000000004 0.08194444444444444
1 0.08476562500000001 0.3652777777777778 0.06328125 0.11388888888888889
1 0.49843750000000003 0.4527777777777778 0.06406250000000001 0.13611111111111113
2 0.177734375 0.3715277777777778 0.06484375 0.12361111111111112
0 0.128515625 0.2569444444444445 0.055468750000000004 0.08611111111111111
1 0.46640625 0.41250000000000003 0.06406250000000001 0.1277777777777778
