0 0.2734375 0.4916666666666667 0.07968750000000001 0.13611111111111113
1 0.54296875 0.5333333333333333 0.0765625 0.14166666666666666
1 0.45859375 0.5854166666666667 0.08281250000000001 0.14027777777777778
0 0.345703125 0.6048611111111112 0.08984375 0.1625
2 0.8425781250000001 0.37083333333333335 0.06796875000000001 0.11388888888888889
3 0.6644531250000001 0.33125 0.05390625 0.10416666666666667
2 0.76328125 0.33125 0.0625 0.10416666666666667
0 0.14453125 0.8222222222222223 0.1296875 0.21944444444444444
1 0.040625 0.8118055555555556 0.08281250000000001 0.20694444444444446
0 0.91953125 0.19444444444444445 0.043750000000000004 0.075
1 0.7757812500000001 0.29791666666666666 0.053125000000000006 0.08750000000000001
2 0.027734375000000002 0.5805555555555556 0.057031250000000006 0.15833333333333333
3 0.017578125 0.6881944444444444 0.03671875 0.17916666666666667
1 0.968359375 0.17500000000000002 0.06015625 0.10555555555555556
