1 0.2078125 0.5888888888888889 0.09375 0.15833333333333333
1 0.463671875 0.5145833333333334 0.07421875 0.1375
0 0.12187500000000001 0.44236111111111115 0.07968750000000001 0.13194444444444445
2 0.7132812500000001 0.22916666666666669 0.0484375 0.08888888888888889
3 0.392578125 0.39583333333333337 0.06328125 0.11666666666666667
0 0.544921875 0.17569444444444446 0.03828125 0.07083333333333333
0 0.029296875 0.4138888888888889 0.06015625 0.125
2 0.408203125 0.19652777777777777 0.04296875 0.08194444444444444
1 0.5390625 0.4104166666666667 0.0625 0.12083333333333333
2 0.501953125 0.4569444444444445 0.06640625 0.1277777777777778
1 0.597265625 0.8777777777777778 0.11640625 0.10277777777777779
2 0.041796875000000004 0.6881944444444444 0.08515625 0.20416666666666666
0 0.033984375000000004 0.5604166666666667 0.06953125 0.09027777777777778
