1 0.30000000000000004 0.5513888888888889 0.084375 0.15
1 0.35859375000000004 0.33958333333333335 0.0578125 0.10416666666666667
3 0.46914062500000003 0.375 0.05859375 0.11111111111111112
0 0.223046875 0.4118055555555556 0.07109375 0.12083333333333333
2 0.7839843750000001 0.23958333333333334 0.05078125 0.08750000000000001
0 0.13007812500000002 0.375 0.06953125 0.11666666666666667
2 0.47734375 0.19861111111111113 0.0390625 0.07777777777777778
2 0.140625 0.6291666666666667 0.1046875 0.18055555555555555
1 0.5710937500000001 0.21736111111111112 0.040625 0.0763888888888889
0 0.608984375 0.18472222222222223 0.03671875 0.06944444444444445
1 0.037500000000000006 0.5861111111111111 0.0765625 0.1638888888888889
0 0.127734375 0.5402777777777777 0.09765625 0.15
