1 0.833984375 0.5194444444444445 0.08359375000000001 0.14166666666666666
1 0.459765625 0.4430555555555556 0.06640625 0.1277777777777778
0 0.52890625 0.3090277777777778 0.05 0.09583333333333334
2 0.6414062500000001 0.27847222222222223 0.0484375 0.09027777777777778
0 0.6960937500000001 0.30833333333333335 0.051562500000000004 0.09166666666666667
0 0.559765625 0.2625 0.04453125 0.08333333333333334
0 0.49296875 0.21736111111111112 0.0390625 0.07916666666666666
3 0.40234375 0.2791666666666667 0.0484375 0.09166666666666667
2 0.814453125 0.30694444444444446 0.06640625 0.10277777777777779
1 0.84296875 0.2902777777777778 0.0484375 0.09444444444444444
1 0.46132812500000003 0.3 0.047656250000000004 0.09166666666666667
1 0.7976562500000001 0.45416666666666666 0.07187500000000001 0.125
2 0.37539062500000003 0.25 0.04453125 0.08333333333333334
2 0.759765625 0.3979166666666667 0.06171875 0.10694444444444445
3 0.693359375 0.40625 0.07109375 0.07361111111111111
2 0.6804687500000001 0.49583333333333335 0.07187500000000001 0.125
