1 0.458984375 0.44236111111111115 0.06640625 0.12361111111111112
1 0.8324218750000001 0.51875 0.08359375000000001 0.14027777777777778
0 0.52890625 0.3104166666666667 0.051562500000000004 0.09583333333333334
2 0.6414062500000001 0.2798611111111111 0.0484375 0.09027777777777778
1 0.8421875000000001 0.29097222222222224 0.046875 0.09583333333333334
0 0.559765625 0.2638888888888889 0.04453125 0.08611111111111111
3 0.401953125 0.2798611111111111 0.049218750000000006 0.09305555555555556
2 0.798046875 0.3041666666666667 0.05390625 0.09722222222222222
1 0.460546875 0.3013888888888889 0.049218750000000006 0.09166666666666667
0 0.49257812500000003 0.21805555555555556 0.039843750000000004 0.08055555555555556
0 0.6960937500000001 0.30833333333333335 0.05 0.09166666666666667
1 0.7957031250000001 0.4548611111111111 0.07265625 0.12638888888888888
2 0.375 0.24930555555555556 0.045312500000000006 0.08472222222222223
2 0.759765625 0.3993055555555556 0.06328125 0.10694444444444445
3 0.6917968750000001 0.4104166666666667 0.07109375 0.08194444444444444
2 0.68125 0.4986111111111111 0.07187500000000001 0.13333333333333333
