1 0.890234375 0.5840277777777778 0.09296875 0.1625
0 0.676953125 0.5458333333333334 0.08203125 0.14722222222222223
0 0.6253906250000001 0.42430555555555555 0.06640625 0.11805555555555557
2 0.30703125000000003 0.6152777777777778 0.09531250000000001 0.18333333333333335
0 0.447265625 0.5923611111111111 0.08828125 0.16805555555555557
1 0.788671875 0.5951388888888889 0.08984375 0.1625
1 0.456640625 0.5076388888888889 0.07265625 0.13472222222222222
2 0.431640625 0.40208333333333335 0.06484375 0.11527777777777778
0 0.04453125 0.11666666666666667 0.0328125 0.05555555555555556
3 0.408203125 0.46319444444444446 0.06171875 0.13472222222222222
3 0.10820312500000001 0.09236111111111112 0.022656250000000003 0.0375
