2 0.7312500000000001 0.35694444444444445 0.0625 0.11388888888888889
1 0.074609375 0.6722222222222223 0.10546875 0.17500000000000002
0 0.463671875 0.2520833333333333 0.04609375 0.08472222222222223
2 0.3171875 0.3201388888888889 0.0578125 0.10416666666666667
3 0.21406250000000002 0.3597222222222222 0.065625 0.11111111111111112
2 0.39101562500000003 0.33472222222222225 0.057031250000000006 0.10277777777777779
1 0.400390625 0.2638888888888889 0.047656250000000004 0.09166666666666667
1 0.624609375 0.1875 0.039843750000000004 0.075
2 0.981640625 0.13055555555555556 0.03515625 0.06666666666666667
1 0.012890625000000001 0.8131944444444444 0.02734375 0.22361111111111112
