1 0.826171875 0.7673611111111112 0.11640625 0.19861111111111113
2 0.7953125000000001 0.6305555555555555 0.09843750000000001 0.16111111111111112
0 0.7035156250000001 0.5243055555555556 0.08046875 0.14305555555555557
2 0.423828125 0.40972222222222227 0.06015625 0.10277777777777779
0 0.53046875 0.6340277777777779 0.078125 0.16527777777777777
1 0.47734375 0.5472222222222223 0.078125 0.10555555555555556
2 0.35859375000000004 0.5486111111111112 0.07500000000000001 0.14444444444444446
1 0.5328125 0.3993055555555556 0.060937500000000006 0.10694444444444445
2 0.570703125 0.5027777777777778 0.07421875 0.13055555555555556
3 0.397265625 0.6493055555555556 0.032031250000000004 0.17083333333333334
0 0.46406250000000004 0.3027777777777778 0.040625 0.09722222222222222
1 0.41523437500000004 0.33055555555555555 0.047656250000000004 0.08888888888888889
0 0.2703125 0.3201388888888889 0.0578125 0.07916666666666666
2 0.65234375 0.6513888888888889 0.084375 0.16111111111111112
