1 0.156640625 0.3666666666666667 0.06640625 0.10833333333333334
0 0.071484375 0.3125 0.05859375 0.09722222222222222
3 0.28203125 0.26180555555555557 0.051562500000000004 0.09027777777777778
2 0.3640625 0.28750000000000003 0.0546875 0.09444444444444444
0 0.370703125 0.16111111111111112 0.03515625 0.06666666666666667
2 0.24335937500000002 0.18472222222222223 0.04296875 0.07777777777777778
2 0.0390625 0.4305555555555556 0.0703125 0.13055555555555556
2 0.5300781250000001 0.17291666666666666 0.03828125 0.07083333333333333
1 0.384765625 0.2625 0.04609375 0.08611111111111111
1 0.392578125 0.4701388888888889 0.07734375 0.13194444444444445
1 0.365234375 0.43125 0.07421875 0.12916666666666668
