1 0.2609375 0.3402777777777778 0.0625 0.10833333333333334
1 0.20234375000000002 0.5916666666666667 0.09531250000000001 0.16111111111111112
2 0.7078125000000001 0.23055555555555557 0.0484375 0.08888888888888889
0 0.119140625 0.4444444444444445 0.08203125 0.13055555555555556
3 0.3921875 0.3861111111111111 0.0625 0.11666666666666667
0 0.028515625000000003 0.4138888888888889 0.057031250000000006 0.125
2 0.401171875 0.19861111111111113 0.041406250000000006 0.08055555555555556
1 0.5203125000000001 0.2152777777777778 0.0421875 0.07777777777777778
0 0.537109375 0.17500000000000002 0.03359375 0.058333333333333334
2 0.040234375 0.6888888888888889 0.08046875 0.20833333333333334
0 0.033984375000000004 0.5888888888888889 0.06796875000000001 0.1388888888888889
2 0.017578125 0.28958333333333336 0.03515625 0.08750000000000001
