0 0.72421875 0.5576388888888889 0.084375 0.15416666666666667
1 0.841015625 0.6131944444444445 0.09453125000000001 0.16527777777777777
1 0.946875 0.607638888888889 0.096875 0.16527777777777777
2 0.353125 0.6006944444444444 0.09062500000000001 0.17083333333333334
0 0.6722656250000001 0.43194444444444446 0.06640625 0.12222222222222223
0 0.10703125000000001 0.10486111111111111 0.029687500000000002 0.05416666666666667
0 0.490234375 0.5875 0.08359375000000001 0.16111111111111112
2 0.478125 0.3979166666666667 0.06406250000000001 0.1125
3 0.451171875 0.4618055555555556 0.05234375 0.13472222222222222
1 0.501171875 0.50625 0.06953125 0.12916666666666668
3 0.168359375 0.10069444444444445 0.02734375 0.059722222222222225
