1 0.6800781250000001 0.11736111111111111 0.02734375 0.0625
2 0.512890625 0.07777777777777778 0.014843750000000001 0.025
2 0.6234375000000001 0.07777777777777778 0.0171875 0.03333333333333333
3 0.54921875 0.075 0.0171875 0.022222222222222223
3 0.586328125 0.07361111111111111 0.017968750000000002 0.019444444444444445
2 0.567578125 0.05902777777777778 0.01640625 0.02361111111111111
2 0.564453125 0.08402777777777778 0.01640625 0.015277777777777779
1 0.534765625 0.08750000000000001 0.01640625 0.022222222222222223
1 0.555078125 0.09166666666666667 0.014843750000000001 0.02777777777777778
1 0.5859375 0.0951388888888889 0.0234375 0.02638888888888889
1 0.6019531250000001 0.08541666666666667 0.01953125 0.02361111111111111
0 0.538671875 0.06319444444444444 0.01953125 0.02361111111111111
0 0.55625 0.05625 0.015625 0.015277777777777779
0 0.589453125 0.05763888888888889 0.013281250000000001 0.02361111111111111
0 0.60546875 0.07291666666666667 0.015625 0.018055555555555557
