1 0.7890625 0.7493055555555556 0.109375 0.19583333333333333
2 0.7054687500000001 0.36041666666666666 0.05625 0.10416666666666667
2 0.6125 0.5111111111111112 0.0734375 0.13055555555555556
3 0.66015625 0.3277777777777778 0.040625 0.1
2 0.49609375 0.6152777777777778 0.07500000000000001 0.1388888888888889
0 0.5652343750000001 0.5847222222222223 0.08203125 0.13055555555555556
0 0.23359375000000002 0.34652777777777777 0.07187500000000001 0.09583333333333334
1 0.16562500000000002 0.5194444444444445 0.0921875 0.17500000000000002
0 0.70859375 0.25277777777777777 0.046875 0.08055555555555556
1 0.6316406250000001 0.3027777777777778 0.05234375 0.1
