1 0.20273437500000002 0.5923611111111111 0.09609375 0.1625
1 0.25625000000000003 0.35625 0.06406250000000001 0.1125
0 0.118359375 0.44583333333333336 0.08046875 0.13333333333333333
2 0.7074218750000001 0.22916666666666669 0.049218750000000006 0.08611111111111111
3 0.392578125 0.3854166666666667 0.06328125 0.11805555555555557
2 0.401171875 0.19861111111111113 0.041406250000000006 0.08055555555555556
0 0.027734375000000002 0.41597222222222224 0.057031250000000006 0.12638888888888888
1 0.515234375 0.20833333333333334 0.041406250000000006 0.075
0 0.5378906250000001 0.17500000000000002 0.030468750000000003 0.058333333333333334
2 0.03828125 0.6930555555555555 0.0765625 0.2
0 0.032031250000000004 0.5736111111111112 0.065625 0.10555555555555556
