1 0.203125 0.5916666666666667 0.096875 0.16111111111111112
0 0.11875000000000001 0.4465277777777778 0.08125 0.13194444444444445
1 0.25859375 0.36180555555555555 0.06406250000000001 0.10972222222222222
2 0.706640625 0.22986111111111113 0.047656250000000004 0.08750000000000001
3 0.39296875000000003 0.3854166666666667 0.0625 0.11527777777777778
2 0.401953125 0.19930555555555557 0.041406250000000006 0.08194444444444444
0 0.027734375000000002 0.4152777777777778 0.057031250000000006 0.125
1 0.50703125 0.20833333333333334 0.040625 0.07777777777777778
0 0.53671875 0.17847222222222223 0.034375 0.06527777777777778
2 0.037500000000000006 0.6916666666666667 0.07500000000000001 0.20277777777777778
0 0.032031250000000004 0.5777777777777778 0.065625 0.11388888888888889
