3 0.6941406250000001 0.4548611111111111 0.06171875 0.12361111111111112
2 0.047656250000000004 0.7243055555555555 0.09531250000000001 0.1902777777777778
0 0.37421875000000004 0.34861111111111115 0.0546875 0.10555555555555556
0 0.4140625 0.4708333333333333 0.0703125 0.14722222222222223
3 0.44765625000000003 0.4048611111111111 0.06406250000000001 0.10416666666666667
2 0.499609375 0.3888888888888889 0.057031250000000006 0.09444444444444444
2 0.62890625 0.4118055555555556 0.06406250000000001 0.10694444444444445
1 0.5964843750000001 0.3576388888888889 0.06171875 0.09305555555555556
1 0.69921875 0.32916666666666666 0.065625 0.08611111111111111
0 0.66796875 0.28958333333333336 0.0546875 0.08472222222222223
