1 0.8343750000000001 0.5173611111111112 0.084375 0.14027777777777778
2 0.9539062500000001 0.34097222222222223 0.0671875 0.10972222222222222
2 0.809765625 0.3076388888888889 0.057031250000000006 0.09861111111111112
2 0.6644531250000001 0.23958333333333334 0.04609375 0.08472222222222223
3 0.712890625 0.2881944444444445 0.05078125 0.09027777777777778
2 0.377734375 0.2451388888888889 0.04453125 0.08194444444444444
1 0.798046875 0.45208333333333334 0.07578125000000001 0.12638888888888888
0 0.7542968750000001 0.2555555555555556 0.04453125 0.08611111111111111
3 0.40468750000000003 0.27708333333333335 0.0484375 0.09027777777777778
1 0.46171875 0.2986111111111111 0.0484375 0.09444444444444444
1 0.84375 0.2868055555555556 0.045312500000000006 0.09027777777777778
1 0.589453125 0.3104166666666667 0.049218750000000006 0.09861111111111112
0 0.5574218750000001 0.2548611111111111 0.04609375 0.09027777777777778
0 0.49453125000000003 0.2152777777777778 0.040625 0.07777777777777778
2 0.5421875 0.3277777777777778 0.045312500000000006 0.09722222222222222
0 0.51953125 0.2951388888888889 0.051562500000000004 0.10138888888888889
