0 0.18046875 0.7284722222222223 0.11875000000000001 0.2013888888888889
0 0.5328125 0.4708333333333333 0.06875 0.13333333333333333
3 0.106640625 0.4902777777777778 0.08359375000000001 0.14166666666666666
2 0.48828125 0.3909722222222222 0.059375000000000004 0.10972222222222222
1 0.03671875 0.6930555555555555 0.07500000000000001 0.19166666666666668
3 0.751953125 0.09861111111111112 0.030468750000000003 0.05277777777777778
2 0.9859375 0.15555555555555556 0.026562500000000003 0.0638888888888889
1 0.94921875 0.10833333333333334 0.034375 0.05277777777777778
2 0.8558593750000001 0.11111111111111112 0.03359375 0.05277777777777778
1 0.498046875 0.1513888888888889 0.03515625 0.0638888888888889
1 0.471484375 0.9152777777777779 0.12421875 0.16111111111111112
1 0.828125 0.10833333333333334 0.029687500000000002 0.05277777777777778
