1 0.43828125 0.4465277777777778 0.065625 0.12361111111111112
1 0.80390625 0.2881944444444445 0.053125000000000006 0.09305555555555556
1 0.809765625 0.5152777777777778 0.08046875 0.1388888888888889
1 0.43984375000000003 0.30347222222222225 0.0484375 0.09305555555555556
0 0.538671875 0.2652777777777778 0.04453125 0.08611111111111111
3 0.38007812500000004 0.2826388888888889 0.049218750000000006 0.09305555555555556
2 0.6203125 0.27847222222222223 0.046875 0.09027777777777778
0 0.5085937500000001 0.31319444444444444 0.05 0.09583333333333334
1 0.7722656250000001 0.45 0.07109375 0.12222222222222223
0 0.47109375000000003 0.22013888888888888 0.037500000000000006 0.07916666666666666
0 0.6742187500000001 0.3111111111111111 0.0484375 0.09166666666666667
2 0.7507812500000001 0.3159722222222222 0.053125000000000006 0.10138888888888889
2 0.351171875 0.2513888888888889 0.04453125 0.08333333333333334
3 0.6722656250000001 0.4076388888888889 0.06640625 0.0763888888888889
2 0.7390625000000001 0.39305555555555555 0.06406250000000001 0.10555555555555556
2 0.6625000000000001 0.49444444444444446 0.0703125 0.13055555555555556
