1 0.05 0.2902777777777778 0.0546875 0.10277777777777779
2 0.241015625 0.28541666666666665 0.06171875 0.10416666666666667
1 0.284375 0.26458333333333334 0.051562500000000004 0.059722222222222225
2 0.345703125 0.21805555555555556 0.03671875 0.06944444444444445
3 0.431640625 0.20972222222222223 0.03671875 0.07222222222222223
2 0.4234375 0.25972222222222224 0.040625 0.075
1 0.369140625 0.19097222222222224 0.03671875 0.059722222222222225
0 0.43085937500000004 0.17430555555555557 0.03671875 0.05694444444444444
2 0.5046875000000001 0.19722222222222224 0.037500000000000006 0.07222222222222223
1 0.08671875000000001 0.3090277777777778 0.059375000000000004 0.10972222222222222
0 0.24609375 0.25833333333333336 0.0484375 0.07222222222222223
