0 0.521484375 0.43333333333333335 0.06640625 0.1277777777777778
2 0.37109375 0.2881944444444445 0.053125000000000006 0.09305555555555556
1 0.066796875 0.5270833333333333 0.08828125 0.14305555555555557
3 0.21250000000000002 0.3013888888888889 0.0578125 0.1
0 0.747265625 0.20972222222222223 0.04296875 0.075
2 0.30898437500000003 0.27708333333333335 0.05859375 0.09305555555555556
2 0.974609375 0.22083333333333335 0.04609375 0.08611111111111111
0 0.44609375 0.13472222222222222 0.0328125 0.0638888888888889
1 0.31640625 0.24375000000000002 0.0484375 0.0763888888888889
1 0.009375000000000001 0.6201388888888889 0.0203125 0.1736111111111111
