1 0.05390625 0.5902777777777778 0.096875 0.15833333333333333
1 0.46523437500000003 0.26944444444444443 0.047656250000000004 0.08888888888888889
0 0.08359375000000001 0.2868055555555556 0.05625 0.09583333333333334
2 0.27734375 0.30625 0.05625 0.09861111111111112
0 0.13828125 0.3819444444444445 0.0703125 0.11388888888888889
1 0.044921875 0.4013888888888889 0.06953125 0.11388888888888889
0 0.17539062500000002 0.3159722222222222 0.06015625 0.09861111111111112
1 0.48828125 0.4881944444444445 0.0703125 0.13194444444444445
0 0.33359375 0.32430555555555557 0.0484375 0.09861111111111112
1 0.44843750000000004 0.43819444444444444 0.060937500000000006 0.11805555555555557
2 0.37890625 0.34652777777777777 0.0578125 0.11527777777777778
3 0.342578125 0.4430555555555556 0.07734375 0.09444444444444444
2 0.343359375 0.5326388888888889 0.08203125 0.14027777777777778
