1 0.321875 0.325 0.05625 0.09722222222222222
3 0.42695312500000004 0.24097222222222223 0.04296875 0.08472222222222223
0 0.25039062500000003 0.2604166666666667 0.05078125 0.08750000000000001
2 0.424609375 0.14097222222222222 0.03359375 0.06805555555555556
2 0.50546875 0.2715277777777778 0.05 0.09583333333333334
3 0.056640625 0.3458333333333333 0.06484375 0.10833333333333334
0 0.53359375 0.12430555555555556 0.03125 0.059722222222222225
2 0.6683593750000001 0.15347222222222223 0.03828125 0.06805555555555556
1 0.13398437500000002 0.3493055555555556 0.06328125 0.10972222222222222
0 0.171875 0.2465277777777778 0.051562500000000004 0.08194444444444444
1 0.53125 0.4527777777777778 0.06406250000000001 0.13611111111111113
2 0.21796875000000002 0.3611111111111111 0.06406250000000001 0.11388888888888889
1 0.5281250000000001 0.24861111111111112 0.0421875 0.08055555555555556
1 0.499609375 0.4118055555555556 0.06171875 0.12361111111111112
0 0.197265625 0.33055555555555555 0.05859375 0.11388888888888889
