1 0.787109375 0.5923611111111111 0.08984375 0.15694444444444444
1 0.888671875 0.5833333333333334 0.09296875 0.15833333333333333
0 0.623046875 0.4256944444444445 0.06640625 0.12083333333333333
2 0.303515625 0.6138888888888889 0.09609375 0.17777777777777778
0 0.67578125 0.5458333333333334 0.08125 0.15
0 0.44375000000000003 0.5784722222222223 0.0859375 0.14027777777777778
0 0.043359375000000006 0.11666666666666667 0.032031250000000004 0.05555555555555556
1 0.45390625 0.50625 0.0703125 0.12916666666666668
2 0.42890625000000004 0.4 0.065625 0.11388888888888889
3 0.40156250000000004 0.4638888888888889 0.0546875 0.13611111111111113
3 0.10312500000000001 0.10347222222222223 0.0328125 0.051388888888888894
