2 0.42226562500000003 0.12222222222222223 0.03359375 0.061111111111111116
1 0.779296875 0.15416666666666667 0.03828125 0.06666666666666667
2 0.7796875000000001 0.15347222222222223 0.0390625 0.06527777777777778
0 0.519921875 0.1326388888888889 0.02109375 0.03194444444444445
0 0.546484375 0.12291666666666667 0.017968750000000002 0.02638888888888889
0 0.5886718750000001 0.12361111111111112 0.02109375 0.030555555555555558
0 0.616796875 0.1375 0.02109375 0.030555555555555558
3 0.54921875 0.1451388888888889 0.0234375 0.02638888888888889
3 0.590234375 0.14166666666666666 0.022656250000000003 0.025
1 0.5234375 0.17222222222222222 0.028125 0.05277777777777778
1 0.546484375 0.17916666666666667 0.02890625 0.04722222222222222
1 0.5953125 0.18958333333333335 0.025 0.051388888888888894
1 0.6234375000000001 0.18472222222222223 0.03125 0.05277777777777778
2 0.49257812500000003 0.15416666666666667 0.03359375 0.058333333333333334
2 0.6410156250000001 0.15416666666666667 0.032031250000000004 0.05277777777777778
