2 0.525390625 0.3236111111111111 0.05390625 0.10555555555555556
1 0.7039062500000001 0.31666666666666665 0.053125000000000006 0.09722222222222222
3 0.878515625 0.44722222222222224 0.06953125 0.13055555555555556
1 0.7859375000000001 0.25416666666666665 0.045312500000000006 0.08888888888888889
0 0.872265625 0.2986111111111111 0.05859375 0.09166666666666667
2 0.8054687500000001 0.4444444444444445 0.0703125 0.13333333333333333
3 0.74921875 0.21805555555555556 0.037500000000000006 0.07222222222222223
0 0.9378906250000001 0.2826388888888889 0.049218750000000006 0.09027777777777778
2 0.7515625 0.1763888888888889 0.0390625 0.07777777777777778
0 0.9382812500000001 0.23819444444444446 0.045312500000000006 0.08194444444444444
1 0.9027343750000001 0.5743055555555556 0.08984375 0.15694444444444444
1 0.9496093750000001 0.5375 0.09140625000000001 0.1638888888888889
2 0.977734375 0.35208333333333336 0.041406250000000006 0.10694444444444445
