3 0.669921875 0.43333333333333335 0.06015625 0.125
3 0.9398437500000001 0.55 0.09375 0.1527777777777778
3 0.43789062500000003 0.48055555555555557 0.06484375 0.1277777777777778
0 0.023828125000000002 0.5548611111111111 0.047656250000000004 0.14027777777777778
1 0.07734375 0.5680555555555555 0.09062500000000001 0.15555555555555556
2 0.044921875 0.6909722222222222 0.08984375 0.19583333333333333
0 0.32539062500000004 0.6506944444444445 0.10546875 0.18194444444444446
0 0.357421875 0.3354166666666667 0.05390625 0.09583333333333334
2 0.36484375 0.30208333333333337 0.05625 0.08472222222222223
2 0.484375 0.37986111111111115 0.06406250000000001 0.10694444444444445
2 0.5847656250000001 0.4076388888888889 0.06015625 0.10694444444444445
1 0.585546875 0.3284722222222222 0.04609375 0.07361111111111111
1 0.667578125 0.3125 0.05234375 0.09166666666666667
0 0.646484375 0.28194444444444444 0.055468750000000004 0.07777777777777778
