2 0.7046875 0.13472222222222222 0.0328125 0.061111111111111116
0 0.00625 0.24375000000000002 0.0125 0.08194444444444444
3 0.07773437500000001 0.2152777777777778 0.04609375 0.07222222222222223
3 0.5515625000000001 0.225 0.0546875 0.08055555555555556
3 0.512109375 0.17430555555555557 0.03828125 0.05694444444444444
0 0.46718750000000003 0.2076388888888889 0.035937500000000004 0.07361111111111111
1 0.45703125 0.16180555555555556 0.0328125 0.05416666666666667
1 0.6160156250000001 0.19305555555555556 0.03359375 0.08055555555555556
1 0.5890625 0.15694444444444444 0.0328125 0.05277777777777778
3 0.6375000000000001 0.14652777777777778 0.034375 0.0625
2 0.5265625 0.1527777777777778 0.026562500000000003 0.058333333333333334
