1 0.77265625 0.7180555555555556 0.1046875 0.19166666666666668
2 0.6214843750000001 0.43194444444444446 0.06640625 0.11944444444444445
3 0.7156250000000001 0.25833333333333336 0.040625 0.08055555555555556
0 0.55703125 0.5416666666666667 0.0734375 0.13055555555555556
2 0.39101562500000003 0.4173611111111111 0.05859375 0.10138888888888889
2 0.61328125 0.30972222222222223 0.0390625 0.075
2 0.501171875 0.6270833333333333 0.08203125 0.1486111111111111
1 0.640625 0.23750000000000002 0.040625 0.075
1 0.6980468750000001 0.20208333333333334 0.041406250000000006 0.07083333333333333
0 0.6828125 0.18541666666666667 0.037500000000000006 0.0625
