0 0.265625 0.5305555555555556 0.0859375 0.14722222222222223
2 0.9324218750000001 0.4590277777777778 0.07734375 0.13472222222222222
1 0.560546875 0.7659722222222223 0.11015625000000001 0.20416666666666666
0 0.33984375 0.6618055555555555 0.096875 0.17916666666666667
3 0.665234375 0.4256944444444445 0.06484375 0.12916666666666668
2 0.780859375 0.3472222222222222 0.06171875 0.11111111111111112
1 0.558984375 0.5743055555555556 0.08359375000000001 0.15416666666666667
0 0.127734375 0.8944444444444445 0.13515625 0.19722222222222224
1 0.44062500000000004 0.6097222222222223 0.0859375 0.10555555555555556
1 0.934765625 0.39513888888888893 0.06953125 0.11805555555555557
0 0.986328125 0.3861111111111111 0.02421875 0.11111111111111112
1 0.032421875 0.8833333333333334 0.06640625 0.18611111111111112
2 0.017968750000000002 0.6347222222222223 0.037500000000000006 0.17222222222222222
3 0.008203125 0.7458333333333333 0.017968750000000002 0.17222222222222222
