1 0.876171875 0.2548611111111111 0.05078125 0.08472222222222223
2 0.41835937500000003 0.19444444444444445 0.039843750000000004 0.075
1 0.56953125 0.29444444444444445 0.045312500000000006 0.08333333333333334
0 0.6359375 0.29444444444444445 0.035937500000000004 0.08888888888888889
0 0.6726562500000001 0.2715277777777778 0.037500000000000006 0.09305555555555556
0 0.53359375 0.2763888888888889 0.034375 0.07222222222222223
2 0.501171875 0.25277777777777777 0.039843750000000004 0.07777777777777778
2 0.702734375 0.2548611111111111 0.041406250000000006 0.08750000000000001
0 0.544140625 0.225 0.02890625 0.04722222222222222
0 0.570703125 0.20694444444444446 0.030468750000000003 0.061111111111111116
0 0.628125 0.21736111111111112 0.0390625 0.059722222222222225
0 0.665625 0.23472222222222222 0.034375 0.07222222222222223
3 0.574609375 0.23611111111111113 0.03359375 0.04722222222222222
3 0.6335937500000001 0.2451388888888889 0.028125 0.05694444444444444
2 0.6082031250000001 0.22708333333333333 0.02734375 0.051388888888888894
