2 0.37109375 0.2888888888888889 0.053125000000000006 0.09444444444444444
1 0.065625 0.5298611111111111 0.08750000000000001 0.14305555555555557
3 0.211328125 0.3027777777777778 0.057031250000000006 0.1
0 0.7445312500000001 0.20972222222222223 0.043750000000000004 0.075
2 0.308203125 0.27708333333333335 0.05859375 0.09305555555555556
0 0.43671875000000004 0.13055555555555556 0.0328125 0.0638888888888889
2 0.976171875 0.2215277777777778 0.04453125 0.08472222222222223
1 0.31640625 0.2451388888888889 0.0484375 0.0763888888888889
1 0.00859375 0.6256944444444444 0.0171875 0.1736111111111111
0 0.49843750000000003 0.13194444444444445 0.03125 0.058333333333333334
