2 0.37109375 0.28958333333333336 0.053125000000000006 0.09305555555555556
1 0.064453125 0.5298611111111111 0.08828125 0.14305555555555557
0 0.751953125 0.29791666666666666 0.057031250000000006 0.10138888888888889
3 0.211328125 0.3027777777777778 0.057031250000000006 0.1
2 0.30859375 0.2777777777777778 0.059375000000000004 0.09444444444444444
0 0.38125000000000003 0.12291666666666667 0.0328125 0.059722222222222225
1 0.31640625 0.2451388888888889 0.0484375 0.0763888888888889
2 0.97578125 0.2215277777777778 0.045312500000000006 0.08472222222222223
0 0.74375 0.20972222222222223 0.040625 0.07777777777777778
1 0.008203125 0.6270833333333333 0.017968750000000002 0.1736111111111111
